20727601.184582308 3655986.625197663
20727601.194582310 3655986.473197663
20727601.204582307 3655986.321197663
20727601.214582309 3655986.169197663
20727601.224582307 3655986.017197663
20727601.234582309 3655985.865197663
20727601.244582307 3655985.713197663
20727601.254582308 3655985.561197663
20727601.264582306 3655985.409197663
20727601.274582308 3655985.257197663
20727601.284582309 3655985.105197663
20727601.294582307 3655984.953197663
20727601.304582309 3655984.801197663
20727601.314582307 3655984.649197663
20727601.324582309 3655984.497197663
20727601.334582306 3655984.345197663
20727601.344582308 3655984.193197663
20727601.354582310 3655984.041197663
20727601.364582308 3655983.889197663
20727601.374582309 3655983.737197663
20727601.384582307 3655983.585197663
20727601.394582309 3655983.433197663
20727601.404582307 3655983.281197663
20727601.414582308 3655983.129197663
20727601.424582306 3655982.977197663
20727601.434582308 3655982.825197663
20727601.444582310 3655982.673197663
20727601.454582307 3655982.521197663
20727601.464582309 3655982.369197663
20727601.474582307 3655982.217197663
20727601.484582309 3655982.065197663
20727601.494582307 3655981.913197663
20727601.504582308 3655981.761197663
20727601.514582306 3655981.609197663
20727601.524582308 3655981.457197663
20727601.534582309 3655981.305197663
20727601.544582307 3655981.153197663
20727601.554582309 3655981.001197663
20727601.564582307 3655980.849197663
20727601.574582309 3655980.697197663
20727601.584582306 3655980.545197663
20727601.594582308 3655980.393197663
20727601.604582310 3655980.241197663
20727601.614582308 3655980.089197663
20727601.624582309 3655979.937197663
20727601.634582307 3655979.785197663
20727601.644582309 3655979.633197663
20727601.654582307 3655979.481197663
20727601.664582308 3655979.329197663
20727601.674582306 3655979.177197663
20727601.684582308 3655979.025197663
20727601.694582310 3655978.873197663
20727601.704582307 3655978.721197663
20727601.714582309 3655978.569197663
20727601.724582307 3655978.417197663
20727601.734582309 3655978.265197663
20727601.744582307 3655978.113197663
20727601.754582308 3655977.961197663
20727601.764582306 3655977.809197663
20727601.774582308 3655977.657197663
20727601.784582309 3655977.505197663
20727601.794582307 3655977.353197663
20727601.804582309 3655977.201197663
20727601.814582307 3655977.049197663
20727601.824582309 3655976.897197663
20727601.834582306 3655976.745197663
20727601.844582308 3655976.593197663
20727601.854582310 3655976.441197663
20727601.864582308 3655976.289197663
20727601.874582309 3655976.137197663
20727601.884582307 3655975.985197663
20727601.894582309 3655975.833197663
20727601.904582307 3655975.681197663
20727601.914582308 3655975.529197663
20727601.924582306 3655975.377197663
20727601.934582308 3655975.225197663
20727601.944582310 3655975.073197663
20727601.954582307 3655974.921197663
20727601.964582309 3655974.769197663
20727601.974582307 3655974.617197663
20727601.984582309 3655974.465197663
20727601.994582307 3655974.313197663
20727602.004582308 3655974.161197663
20727602.014582306 3655974.009197663
20727602.024582308 3655973.857197663
20727602.034582309 3655973.705197663
20727602.044582307 3655973.553197663
20727602.054582309 3655973.401197663
20727602.064582307 3655973.249197663
20727602.074582309 3655973.097197663
20727602.084582306 3655972.945197663
20727602.094582308 3655972.793197663
20727602.104582310 3655972.641197663
20727602.114582308 3655972.489197663
20727602.124582309 3655972.337197663
20727602.134582307 3655972.185197663
20727602.144582309 3655972.033197663
20727602.154582307 3655971.881197663
20727602.164582308 3655971.729197663
20727602.174582306 3655971.577197663
20727602.184582308 3655971.425197663
20727602.194582310 3655971.273197663
20727602.204582307 3655971.121197663
20727602.214582309 3655970.969197663
20727602.224582307 3655970.817197663
20727602.234582309 3655970.665197663
20727602.244582307 3655970.513197663
20727602.254582308 3655970.361197663
20727602.264582306 3655970.209197663
20727602.274582308 3655970.057197663
20727602.284582309 3655969.905197663
20727602.294582307 3655969.753197663
20727602.304582309 3655969.601197663
20727602.314582307 3655969.449197663
20727602.324582309 3655969.297197663
20727602.334582306 3655969.145197663
20727602.344582308 3655968.993197663
20727602.354582310 3655968.841197663
20727602.364582308 3655968.689197663
20727602.374582309 3655968.537197663
20727602.384582307 3655968.385197663
20727602.394582309 3655968.233197663
20727602.404582307 3655968.081197663
20727602.414582308 3655967.929197663
20727602.424582306 3655967.777197663
20727602.434582308 3655967.625197663
20727602.444582310 3655967.473197663
20727602.454582307 3655967.321197663
20727602.464582309 3655967.169197663
20727602.474582307 3655967.017197663
20727602.484582309 3655966.865197663
20727602.494582307 3655966.713197663
20727602.504582308 3655966.561197663
20727602.514582306 3655966.409197663
20727602.524582308 3655966.257197663
20727602.534582309 3655966.105197663
20727602.544582307 3655965.953197663
20727602.554582309 3655965.801197663
20727602.564582307 3655965.649197663
20727602.574582309 3655965.497197663
20727602.584582306 3655965.345197663
20727602.594582308 3655965.193197663
20727602.604582310 3655965.041197663
20727602.614582308 3655964.889197663
20727602.624582309 3655964.737197663
20727602.634582307 3655964.585197663
20727602.644582309 3655964.433197663
20727602.654582307 3655964.281197663
20727602.664582308 3655964.129197663
20727602.674582306 3655963.977197663
20727602.684582308 3655963.825197663
20727602.694582310 3655963.673197663
20727602.704582307 3655963.521197663
20727602.714582309 3655963.369197663
20727602.724582307 3655963.217197663
20727602.734582309 3655963.065197663
20727602.744582307 3655962.913197663
20727602.754582308 3655962.761197663
20727602.764582306 3655962.609197663
20727602.774582308 3655962.457197663
20727602.784582309 3655962.305197663
20727602.794582307 3655962.153197663
20727602.804582309 3655962.001197663
20727602.814582307 3655961.849197663
20727602.824582309 3655961.697197663
20727602.834582306 3655961.545197663
20727602.844582308 3655961.393197663
20727602.854582310 3655961.241197663
20727602.864582308 3655961.089197663
20727602.874582309 3655960.937197663
20727602.884582307 3655960.785197663
20727602.894582309 3655960.633197663
20727602.904582307 3655960.481197663
20727602.914582308 3655960.329197663
20727602.924582306 3655960.177197663
20727602.934582308 3655960.025197663
20727602.944582310 3655959.873197663
20727602.954582307 3655959.721197663
20727602.964582309 3655959.569197663
20727602.974582307 3655959.417197663
20727602.984582309 3655959.265197663
20727602.994582307 3655959.113197663
20727603.004582308 3655958.961197663
20727603.014582306 3655958.809197663
20727603.024582308 3655958.657197663
20727603.034582309 3655958.505197663
20727603.044582307 3655958.353197663
20727603.054582309 3655958.201197663
20727603.064582307 3655958.049197663
20727603.074582309 3655957.897197663
20727603.084582306 3655957.745197663
20727603.094582308 3655957.593197663
20727603.104582310 3655957.441197663
20727603.114582308 3655957.289197663
20727603.124582309 3655957.137197663
20727603.134582307 3655956.985197663
20727603.144582309 3655956.833197663
20727603.154582307 3655956.681197663
20727603.164582308 3655956.529197663
20727603.174582306 3655956.377197663
20727603.184582308 3655956.225197663
20727603.194582310 3655956.073197663
20727603.204582307 3655955.921197663
20727603.214582309 3655955.769197663
20727603.224582307 3655955.617197663
20727603.234582309 3655955.465197663
20727603.244582307 3655955.313197663
20727603.254582308 3655955.161197663
20727603.264582306 3655955.009197663
20727603.274582308 3655954.857197663
20727603.284582309 3655954.705197663
20727603.294582307 3655954.553197663
20727603.304582309 3655954.401197663
20727603.314582307 3655954.249197663
20727603.324582309 3655954.097197663
20727603.334582306 3655953.945197663
20727603.344582308 3655953.793197663
20727603.354582310 3655953.641197663
20727603.364582308 3655953.489197663
20727603.374582309 3655953.337197663
20727603.384582307 3655953.185197663
20727603.394582309 3655953.033197663
20727603.404582307 3655952.881197663
20727603.414582308 3655952.729197663
20727603.424582306 3655952.577197663
20727603.434582308 3655952.425197663
20727603.444582310 3655952.273197663
20727603.454582307 3655952.121197663
20727603.464582309 3655951.969197663
20727603.474582307 3655951.817197663
20727603.484582309 3655951.665197663
20727603.494582307 3655951.513197663
20727603.504582308 3655951.361197663
20727603.514582306 3655951.209197663
20727603.524582308 3655951.057197663
20727603.534582309 3655950.905197663
20727603.544582307 3655950.753197663
20727603.554582309 3655950.601197663
20727603.564582307 3655950.449197663
20727603.574582309 3655950.297197663
20727603.584582306 3655950.145197663
20727603.594582308 3655949.993197663
20727603.604582310 3655949.841197663
20727603.614582308 3655949.689197663
20727603.624582309 3655949.537197663
20727603.634582307 3655949.385197663
20727603.644582309 3655949.233197663
20727603.654582307 3655949.081197663
20727603.664582308 3655948.929197663
20727603.674582306 3655948.777197663
20727603.684582308 3655948.625197663
20727603.694582310 3655948.473197663
20727603.704582307 3655948.321197663
20727603.714582309 3655948.169197663
20727603.724582307 3655948.017197663
20727603.734582309 3655947.865197663
20727603.744582307 3655947.713197663
20727603.754582308 3655947.561197663
20727603.764582306 3655947.409197663
20727603.774582308 3655947.257197663
20727603.784582309 3655947.105197663
20727603.794582307 3655946.953197663
20727603.804582309 3655946.801197663
20727603.814582307 3655946.649197663
20727603.824582309 3655946.497197663
20727603.834582306 3655946.345197663
20727603.844582308 3655946.193197663
20727603.854582310 3655946.041197663
20727603.864582308 3655945.889197663
20727603.874582309 3655945.737197663
20727603.884582307 3655945.585197663
20727603.894582309 3655945.433197663
20727603.904582307 3655945.281197663
20727603.914582308 3655945.129197663
20727603.924582306 3655944.977197663
20727603.934582308 3655944.825197663
20727603.944582310 3655944.673197663
20727603.954582307 3655944.521197663
20727603.964582309 3655944.369197663
20727603.974582307 3655944.217197663
20727603.984582309 3655944.065197663
20727603.994582307 3655943.913197663
20727604.004582308 3655943.761197663
20727604.014582306 3655943.609197663
20727604.024582308 3655943.457197663
20727604.034582309 3655943.305197663
20727604.044582307 3655943.153197663
20727604.054582309 3655943.001197663
20727604.064582307 3655942.849197663
20727604.074582309 3655942.697197663
20727604.084582306 3655942.545197663
20727604.094582308 3655942.393197663
20727604.104582310 3655942.241197663
20727604.114582308 3655942.089197663
20727604.124582309 3655941.937197663
20727604.134582307 3655941.785197663
20727604.144582309 3655941.633197663
20727604.154582307 3655941.481197663
20727604.164582308 3655941.329197663
20727604.174582306 3655941.177197663
20727604.184582308 3655941.025197663
20727604.194582310 3655940.873197663
20727604.204582307 3655940.721197663
20727604.214582309 3655940.569197663
20727604.224582307 3655940.417197663
20727604.234582309 3655940.265197663
20727604.244582307 3655940.113197663
20727604.254582308 3655939.961197663
20727604.264582306 3655939.809197663
20727604.274582308 3655939.657197663
20727604.284582309 3655939.505197663
20727604.294582307 3655939.353197663
20727604.304582309 3655939.201197663
20727604.314582307 3655939.049197663
20727604.324582309 3655938.897197663
20727604.334582306 3655938.745197663
20727604.344582308 3655938.593197663
20727604.354582310 3655938.441197663
20727604.364582308 3655938.289197663
20727604.374582309 3655938.137197663
20727604.384582307 3655937.985197663
20727604.394582309 3655937.833197663
20727604.404582307 3655937.681197663
20727604.414582308 3655937.529197663
20727604.424582306 3655937.377197663
20727604.434582308 3655937.225197663
20727604.444582310 3655937.073197663
20727604.454582307 3655936.921197663
20727604.464582309 3655936.769197663
20727604.474582307 3655936.617197663
20727604.484582309 3655936.465197663
20727604.494582307 3655936.313197663
20727604.504582308 3655936.161197663
20727604.514582306 3655936.009197663
20727604.524582308 3655935.857197663
20727604.534582309 3655935.705197663
20727604.544582307 3655935.553197663
20727604.554582309 3655935.401197663
20727604.564582307 3655935.249197663
20727604.574582309 3655935.097197663
20727604.584582306 3655934.945197663
20727604.594582308 3655934.793197663
20727604.604582310 3655934.641197663
20727604.614582308 3655934.489197663
20727604.624582309 3655934.337197663
20727604.634582307 3655934.185197663
20727604.644582309 3655934.033197663
20727604.654582307 3655933.881197663
20727604.664582308 3655933.729197663
20727604.674582306 3655933.577197663
20727604.684582308 3655933.425197663
20727604.694582310 3655933.273197663
20727604.704582307 3655933.121197663
20727604.714582309 3655932.969197663
20727604.724582307 3655932.817197663
20727604.734582309 3655932.665197663
20727604.744582307 3655932.513197663
20727604.754582308 3655932.361197663
20727604.764582306 3655932.209197663
20727604.774582308 3655932.057197663
20727604.784582309 3655931.905197663
20727604.794582307 3655931.753197663
20727604.804582309 3655931.601197663
20727604.814582307 3655931.449197663
20727604.824582309 3655931.297197663
20727604.834582306 3655931.145197663
20727604.844582308 3655930.993197663
20727604.854582310 3655930.841197663
20727604.864582308 3655930.689197663
20727604.874582309 3655930.537197663
20727604.884582307 3655930.385197663
20727604.894582309 3655930.233197663
20727604.904582307 3655930.081197663
20727604.914582308 3655929.929197663
20727604.924582306 3655929.777197663
20727604.934582308 3655929.625197663
20727604.944582310 3655929.473197663
20727604.954582307 3655929.321197663
20727604.964582309 3655929.169197663
20727604.974582307 3655929.017197663
20727604.984582309 3655928.865197663
20727604.994582307 3655928.713197663
20727605.004582308 3655928.561197663
20727605.014582306 3655928.409197663
20727605.024582308 3655928.257197663
20727605.034582309 3655928.105197663
20727605.044582307 3655927.953197663
20727605.054582309 3655927.801197663
20727605.064582307 3655927.649197663
20727605.074582309 3655927.497197663
20727605.084582306 3655927.345197663
20727605.094582308 3655927.193197663
20727605.104582310 3655927.041197663
20727605.114582308 3655926.889197663
20727605.124582309 3655926.737197663
20727605.134582307 3655926.585197663
20727605.144582309 3655926.433197663
20727605.154582307 3655926.281197663
20727605.164582308 3655926.129197663
20727605.174582306 3655925.977197663
20727605.184582308 3655925.825197663
20727605.194582310 3655925.673197663
20727605.204582307 3655925.521197663
20727605.214582309 3655925.369197663
20727605.224582307 3655925.217197663
20727605.234582309 3655925.065197663
20727605.244582307 3655924.913197663
20727605.254582308 3655924.761197663
20727605.264582306 3655924.609197663
20727605.274582308 3655924.457197663
20727605.284582309 3655924.305197663
20727605.294582307 3655924.153197663
20727605.304582309 3655924.001197663
20727605.314582307 3655923.849197663
20727605.324582309 3655923.697197663
20727605.334582306 3655923.545197663
20727605.344582308 3655923.393197663
20727605.354582310 3655923.241197663
20727605.364582308 3655923.089197663
20727605.374582309 3655922.937197663
20727605.384582307 3655922.785197663
20727605.394582309 3655922.633197663
20727605.404582307 3655922.481197663
20727605.414582308 3655922.329197663
20727605.424582306 3655922.177197663
20727605.434582308 3655922.025197663
20727605.444582310 3655921.873197663
20727605.454582307 3655921.721197663
20727605.464582309 3655921.569197663
20727605.474582307 3655921.417197663
20727605.484582309 3655921.265197663
20727605.494582307 3655921.113197663
20727605.504582308 3655920.961197663
20727605.514582306 3655920.809197663
20727605.524582308 3655920.657197663
20727605.534582309 3655920.505197663
20727605.544582307 3655920.353197663
20727605.554582309 3655920.201197663
20727605.564582307 3655920.049197663
20727605.574582309 3655919.897197663
20727605.584582306 3655919.745197663
20727605.594582308 3655919.593197663
20727605.604582310 3655919.441197663
20727605.614582308 3655919.289197663
20727605.624582309 3655919.137197663
20727605.634582307 3655918.985197663
20727605.644582309 3655918.833197663
20727605.654582307 3655918.681197663
20727605.664582308 3655918.529197663
20727605.674582306 3655918.377197663
20727605.684582308 3655918.225197663
20727605.694582310 3655918.073197663
20727605.704582307 3655917.921197663
20727605.714582309 3655917.769197663
20727605.724582307 3655917.617197663
20727605.734582309 3655917.465197663
20727605.744582307 3655917.313197663
20727605.754582308 3655917.161197663
20727605.764582306 3655917.009197663
20727605.774582308 3655916.857197663
20727605.784582309 3655916.705197663
20727605.794582307 3655916.553197663
20727605.804582309 3655916.401197663
20727605.814582307 3655916.249197663
20727605.824582309 3655916.097197663
20727605.834582306 3655915.945197663
20727605.844582308 3655915.793197663
20727605.854582310 3655915.641197663
20727605.864582308 3655915.489197663
20727605.874582309 3655915.337197663
20727605.884582307 3655915.185197663
20727605.894582309 3655915.033197663
20727605.904582307 3655914.881197663
20727605.914582308 3655914.729197663
20727605.924582306 3655914.577197663
20727605.934582308 3655914.425197663
20727605.944582310 3655914.273197663
20727605.954582307 3655914.121197663
20727605.964582309 3655913.969197663
20727605.974582307 3655913.817197663
20727605.984582309 3655913.665197663
20727605.994582307 3655913.513197663
20727606.004582308 3655913.361197663
20727606.014582306 3655913.209197663
20727606.024582308 3655913.057197663
20727606.034582309 3655912.905197663
20727606.044582307 3655912.753197663
20727606.054582309 3655912.601197663
20727606.064582307 3655912.449197663
20727606.074582309 3655912.297197663
20727606.084582306 3655912.145197663
20727606.094582308 3655911.993197663
20727606.104582310 3655911.841197663
20727606.114582308 3655911.689197663
20727606.124582309 3655911.537197663
20727606.134582307 3655911.385197663
20727606.144582309 3655911.233197663
20727606.154582307 3655911.081197663
20727606.164582308 3655910.929197663
20727606.174582306 3655910.777197663
20727606.184582308 3655910.625197663
20727606.194582310 3655910.473197663
20727606.204582307 3655910.321197663
20727606.214582309 3655910.169197663
20727606.224582307 3655910.017197663
20727606.234582309 3655909.865197663
20727606.244582307 3655909.713197663
20727606.254582308 3655909.561197663
20727606.264582306 3655909.409197663
20727606.274582308 3655909.257197663
20727606.284582309 3655909.105197663
20727606.294582307 3655908.953197663
20727606.304582309 3655908.801197663
20727606.314582307 3655908.649197663
20727606.324582309 3655908.497197663
20727606.334582306 3655908.345197663
20727606.344582308 3655908.193197663
20727606.354582310 3655908.041197663
20727606.364582308 3655907.889197663
20727606.374582309 3655907.737197663
20727606.384582307 3655907.585197663
20727606.394582309 3655907.433197663
20727606.404582307 3655907.281197663
20727606.414582308 3655907.129197663
20727606.424582306 3655906.977197663
20727606.434582308 3655906.825197663
20727606.444582310 3655906.673197663
20727606.454582307 3655906.521197663
20727606.464582309 3655906.369197663
20727606.474582307 3655906.217197663
20727606.484582309 3655906.065197663
20727606.494582307 3655905.913197663
20727606.504582308 3655905.761197663
20727606.514582306 3655905.609197663
20727606.524582308 3655905.457197663
20727606.534582309 3655905.305197663
20727606.544582307 3655905.153197663
20727606.554582309 3655905.001197663
20727606.564582307 3655904.849197663
20727606.574582309 3655904.697197663
20727606.584582306 3655904.545197663
20727606.594582308 3655904.393197663
20727606.604582310 3655904.241197663
20727606.614582308 3655904.089197663
20727606.624582309 3655903.937197663
20727606.634582307 3655903.785197663
20727606.644582309 3655903.633197663
20727606.654582307 3655903.481197663
20727606.664582308 3655903.329197663
20727606.674582306 3655903.177197663
20727606.684582308 3655903.025197663
20727606.694582310 3655902.873197663
20727606.704582307 3655902.721197663
20727606.714582309 3655902.569197663
20727606.724582307 3655902.417197663
20727606.734582309 3655902.265197663
20727606.744582307 3655902.113197663
20727606.754582308 3655901.961197663
20727606.764582306 3655901.809197663
20727606.774582308 3655901.657197663
20727606.784582309 3655901.505197663
20727606.794582307 3655901.353197663
20727606.804582309 3655901.201197663
20727606.814582307 3655901.049197663
20727606.824582309 3655900.897197663
20727606.834582306 3655900.745197663
20727606.844582308 3655900.593197663
20727606.854582310 3655900.441197663
20727606.864582308 3655900.289197663
20727606.874582309 3655900.137197663
20727606.884582307 3655899.985197663
20727606.894582309 3655899.833197663
20727606.904582307 3655899.681197663
20727606.914582308 3655899.529197663
20727606.924582306 3655899.377197663
20727606.934582308 3655899.225197663
20727606.944582310 3655899.073197663
20727606.954582307 3655898.921197663
20727606.964582309 3655898.769197663
20727606.974582307 3655898.617197663
20727606.984582309 3655898.465197663
20727606.994582307 3655898.313197663
20727607.004582308 3655898.161197663
20727607.014582306 3655898.009197663
20727607.024582308 3655897.857197663
20727607.034582309 3655897.705197663
20727607.044582307 3655897.553197663
20727607.054582309 3655897.401197663
20727607.064582307 3655897.249197663
20727607.074582309 3655897.097197663
20727607.084582306 3655896.945197663
20727607.094582308 3655896.793197663
20727607.104582310 3655896.641197663
20727607.114582308 3655896.489197663
20727607.124582309 3655896.337197663
20727607.134582307 3655896.185197663
20727607.144582309 3655896.033197663
20727607.154582307 3655895.881197663
20727607.164582308 3655895.729197663
20727607.174582306 3655895.577197663
20727607.184582308 3655895.425197663
20727607.194582310 3655895.273197663
20727607.204582307 3655895.121197663
20727607.214582309 3655894.969197663
20727607.224582307 3655894.817197663
20727607.234582309 3655894.665197663
20727607.244582307 3655894.513197663
20727607.254582308 3655894.361197663
20727607.264582306 3655894.209197663
20727607.274582308 3655894.057197663
20727607.284582309 3655893.905197663
20727607.294582307 3655893.753197663
20727607.304582309 3655893.601197663
20727607.314582307 3655893.449197663
20727607.324582309 3655893.297197663
20727607.334582306 3655893.145197663
20727607.344582308 3655892.993197663
20727607.354582310 3655892.841197663
20727607.364582308 3655892.689197663
20727607.374582309 3655892.537197663
20727607.384582307 3655892.385197663
20727607.394582309 3655892.233197663
20727607.404582307 3655892.081197663
20727607.414582308 3655891.929197663
20727607.424582306 3655891.777197663
20727607.434582308 3655891.625197663
20727607.444582310 3655891.473197663
20727607.454582307 3655891.321197663
20727607.464582309 3655891.169197663
20727607.474582307 3655891.017197663
20727607.484582309 3655890.865197663
20727607.494582307 3655890.713197663
20727607.504582308 3655890.561197663
20727607.514582306 3655890.409197663
20727607.524582308 3655890.257197663
20727607.534582309 3655890.105197663
20727607.544582307 3655889.953197663
20727607.554582309 3655889.801197663
20727607.564582307 3655889.649197663
20727607.574582309 3655889.497197663
20727607.584582306 3655889.345197663
20727607.594582308 3655889.193197663
20727607.604582310 3655889.041197663
20727607.614582308 3655888.889197663
20727607.624582309 3655888.737197663
20727607.634582307 3655888.585197663
20727607.644582309 3655888.433197663
20727607.654582307 3655888.281197663
20727607.664582308 3655888.129197663
20727607.674582306 3655887.977197663
20727607.684582308 3655887.825197663
20727607.694582310 3655887.673197663
20727607.704582307 3655887.521197663
20727607.714582309 3655887.369197663
20727607.724582307 3655887.217197663
20727607.734582309 3655887.065197663
20727607.744582307 3655886.913197663
20727607.754582308 3655886.761197663
20727607.764582306 3655886.609197663
20727607.774582308 3655886.457197663
20727607.784582309 3655886.305197663
20727607.794582307 3655886.153197663
20727607.804582309 3655886.001197663
20727607.814582307 3655885.849197663
20727607.824582309 3655885.697197663
20727607.834582306 3655885.545197663
20727607.844582308 3655885.393197663
20727607.854582310 3655885.241197663
20727607.864582308 3655885.089197663
20727607.874582309 3655884.937197663
20727607.884582307 3655884.785197663
20727607.894582309 3655884.633197663
20727607.904582307 3655884.481197663
20727607.914582308 3655884.329197663
20727607.924582306 3655884.177197663
20727607.934582308 3655884.025197663
20727607.944582310 3655883.873197663
20727607.954582307 3655883.721197663
20727607.964582309 3655883.569197663
20727607.974582307 3655883.417197663
20727607.984582309 3655883.265197663
20727607.994582307 3655883.113197663
20727608.004582308 3655882.961197663
20727608.014582306 3655882.809197663
20727608.024582308 3655882.657197663
20727608.034582309 3655882.505197663
20727608.044582307 3655882.353197663
20727608.054582309 3655882.201197663
20727608.064582307 3655882.049197663
20727608.074582309 3655881.897197663
20727608.084582306 3655881.745197663
20727608.094582308 3655881.593197663
20727608.104582310 3655881.441197663
20727608.114582308 3655881.289197663
20727608.124582309 3655881.137197663
20727608.134582307 3655880.985197663
20727608.144582309 3655880.833197663
20727608.154582307 3655880.681197663
20727608.164582308 3655880.529197663
20727608.174582306 3655880.377197663
20727608.184582308 3655880.225197663
20727608.194582310 3655880.073197663
20727608.204582307 3655879.921197663
20727608.214582309 3655879.769197663
20727608.224582307 3655879.617197663
20727608.234582309 3655879.465197663
20727608.244582307 3655879.313197663
20727608.254582308 3655879.161197663
20727608.264582306 3655879.009197663
20727608.274582308 3655878.857197663
20727608.284582309 3655878.705197663
20727608.294582307 3655878.553197663
20727608.304582309 3655878.401197663
20727608.314582307 3655878.249197663
20727608.324582309 3655878.097197663
20727608.334582306 3655877.945197663
20727608.344582308 3655877.793197663
20727608.354582310 3655877.641197663
20727608.364582308 3655877.489197663
20727608.374582309 3655877.337197663
20727608.384582307 3655877.185197663
20727608.394582309 3655877.033197663
20727608.404582307 3655876.881197663
20727608.414582308 3655876.729197663
20727608.424582306 3655876.577197663
20727608.434582308 3655876.425197663
20727608.444582310 3655876.273197663
20727608.454582307 3655876.121197663
20727608.464582309 3655875.969197663
20727608.474582307 3655875.817197663
20727608.484582309 3655875.665197663
20727608.494582307 3655875.513197663
20727608.504582308 3655875.361197663
20727608.514582306 3655875.209197663
20727608.524582308 3655875.057197663
20727608.534582309 3655874.905197663
20727608.544582307 3655874.753197663
20727608.554582309 3655874.601197663
20727608.564582307 3655874.449197663
20727608.574582309 3655874.297197663
20727608.584582306 3655874.145197663
20727608.594582308 3655873.993197663
20727608.604582310 3655873.841197663
20727608.614582308 3655873.689197663
20727608.624582309 3655873.537197663
20727608.634582307 3655873.385197663
20727608.644582309 3655873.233197663
20727608.654582307 3655873.081197663
20727608.664582308 3655872.929197663
20727608.674582306 3655872.777197663
20727608.684582308 3655872.625197663
20727608.694582310 3655872.473197663
20727608.704582307 3655872.321197663
20727608.714582309 3655872.169197663
20727608.724582307 3655872.017197663
20727608.734582309 3655871.865197663
20727608.744582307 3655871.713197663
20727608.754582308 3655871.561197663
20727608.764582306 3655871.409197663
20727608.774582308 3655871.257197663
20727608.784582309 3655871.105197663
20727608.794582307 3655870.953197663
20727608.804582309 3655870.801197663
20727608.814582307 3655870.649197663
20727608.824582309 3655870.497197663
20727608.834582306 3655870.345197663
20727608.844582308 3655870.193197663
20727608.854582310 3655870.041197663
20727608.864582308 3655869.889197663
20727608.874582309 3655869.737197663
20727608.884582307 3655869.585197663
20727608.894582309 3655869.433197663
20727608.904582307 3655869.281197663
20727608.914582308 3655869.129197663
20727608.924582306 3655868.977197663
20727608.934582308 3655868.825197663
20727608.944582310 3655868.673197663
20727608.954582307 3655868.521197663
20727608.964582309 3655868.369197663
20727608.974582307 3655868.217197663
20727608.984582309 3655868.065197663
20727608.994582307 3655867.913197663
20727609.004582308 3655867.761197663
20727609.014582306 3655867.609197663
20727609.024582308 3655867.457197663
20727609.034582309 3655867.305197663
20727609.044582307 3655867.153197663
20727609.054582309 3655867.001197663
20727609.064582307 3655866.849197663
20727609.074582309 3655866.697197663
20727609.084582306 3655866.545197663
20727609.094582308 3655866.393197663
20727609.104582310 3655866.241197663
20727609.114582308 3655866.089197663
20727609.124582309 3655865.937197663
20727609.134582307 3655865.785197663
20727609.144582309 3655865.633197663
20727609.154582307 3655865.481197663
20727609.164582308 3655865.329197663
20727609.174582306 3655865.177197663
20727609.184582308 3655865.025197663
20727609.194582310 3655864.873197663
20727609.204582307 3655864.721197663
20727609.214582309 3655864.569197663
20727609.224582307 3655864.417197663
20727609.234582309 3655864.265197663
20727609.244582307 3655864.113197663
20727609.254582308 3655863.961197663
20727609.264582306 3655863.809197663
20727609.274582308 3655863.657197663
20727609.284582309 3655863.505197663
20727609.294582307 3655863.353197663
20727609.304582309 3655863.201197663
20727609.314582307 3655863.049197663
20727609.324582309 3655862.897197663
20727609.334582306 3655862.745197663
20727609.344582308 3655862.593197663
20727609.354582310 3655862.441197663
20727609.364582308 3655862.289197663
20727609.374582309 3655862.137197663
20727609.384582307 3655861.985197663
20727609.394582309 3655861.833197663
20727609.404582307 3655861.681197663
20727609.414582308 3655861.529197663
20727609.424582306 3655861.377197663
20727609.434582308 3655861.225197663
20727609.444582310 3655861.073197663
20727609.454582307 3655860.921197663
20727609.464582309 3655860.769197663
20727609.474582307 3655860.617197663
20727609.484582309 3655860.465197663
20727609.494582307 3655860.313197663
20727609.504582308 3655860.161197663
20727609.514582306 3655860.009197663
20727609.524582308 3655859.857197663
20727609.534582309 3655859.705197663
20727609.544582307 3655859.553197663
20727609.554582309 3655859.401197663
20727609.564582307 3655859.249197663
20727609.574582309 3655859.097197663
20727609.584582306 3655858.945197663
20727609.594582308 3655858.793197663
20727609.604582310 3655858.641197663
20727609.614582308 3655858.489197663
20727609.624582309 3655858.337197663
20727609.634582307 3655858.185197663
20727609.644582309 3655858.033197663
20727609.654582307 3655857.881197663
20727609.664582308 3655857.729197663
20727609.674582306 3655857.577197663
20727609.684582308 3655857.425197663
20727609.694582310 3655857.273197663
20727609.704582307 3655857.121197663
20727609.714582309 3655856.969197663
20727609.724582307 3655856.817197663
20727609.734582309 3655856.665197663
20727609.744582307 3655856.513197663
20727609.754582308 3655856.361197663
20727609.764582306 3655856.209197663
20727609.774582308 3655856.057197663
20727609.784582309 3655855.905197663
20727609.794582307 3655855.753197663
20727609.804582309 3655855.601197663
20727609.814582307 3655855.449197663
20727609.824582309 3655855.297197663
20727609.834582306 3655855.145197663
20727609.844582308 3655854.993197663
20727609.854582310 3655854.841197663
20727609.864582308 3655854.689197663
20727609.874582309 3655854.537197663
20727609.884582307 3655854.385197663
20727609.894582309 3655854.233197663
20727609.904582307 3655854.081197663
20727609.914582308 3655853.929197663
20727609.924582306 3655853.777197663
20727609.934582308 3655853.625197663
20727609.944582310 3655853.473197663
20727609.954582307 3655853.321197663
20727609.964582309 3655853.169197663
20727609.974582307 3655853.017197663
20727609.984582309 3655852.865197663
20727609.994582307 3655852.713197663
20727610.004582308 3655852.561197663
20727610.014582306 3655852.409197663
20727610.024582308 3655852.257197663
20727610.034582309 3655852.105197663
20727610.044582307 3655851.953197663
20727610.054582309 3655851.801197663
20727610.064582307 3655851.649197663
20727610.074582309 3655851.497197663
20727610.084582306 3655851.345197663
20727610.094582308 3655851.193197663
20727610.104582310 3655851.041197663
20727610.114582308 3655850.889197663
20727610.124582309 3655850.737197663
20727610.134582307 3655850.585197663
20727610.144582309 3655850.433197663
20727610.154582307 3655850.281197663
20727610.164582308 3655850.129197663
20727610.174582306 3655849.977197663
20727610.184582308 3655849.825197663
20727610.194582310 3655849.673197663
20727610.204582307 3655849.521197663
20727610.214582309 3655849.369197663
20727610.224582307 3655849.217197663
20727610.234582309 3655849.065197663
20727610.244582307 3655848.913197663
20727610.254582308 3655848.761197663
20727610.264582306 3655848.609197663
20727610.274582308 3655848.457197663
20727610.284582309 3655848.305197663
20727610.294582307 3655848.153197663
20727610.304582309 3655848.001197663
20727610.314582307 3655847.849197663
20727610.324582309 3655847.697197663
20727610.334582306 3655847.545197663
20727610.344582308 3655847.393197663
20727610.354582310 3655847.241197663
20727610.364582308 3655847.089197663
20727610.374582309 3655846.937197663
20727610.384582307 3655846.785197663
20727610.394582309 3655846.633197663
20727610.404582307 3655846.481197663
20727610.414582308 3655846.329197663
20727610.424582306 3655846.177197663
20727610.434582308 3655846.025197663
20727610.444582310 3655845.873197663
20727610.454582307 3655845.721197663
20727610.464582309 3655845.569197663
20727610.474582307 3655845.417197663
20727610.484582309 3655845.265197663
20727610.494582307 3655845.113197663
20727610.504582308 3655844.961197663
20727610.514582306 3655844.809197663
20727610.524582308 3655844.657197663
20727610.534582309 3655844.505197663
20727610.544582307 3655844.353197663
20727610.554582309 3655844.201197663
20727610.564582307 3655844.049197663
20727610.574582309 3655843.897197663
20727610.584582306 3655843.745197663
20727610.594582308 3655843.593197663
20727610.604582310 3655843.441197663
20727610.614582308 3655843.289197663
20727610.624582309 3655843.137197663
20727610.634582307 3655842.985197663
20727610.644582309 3655842.833197663
20727610.654582307 3655842.681197663
20727610.664582308 3655842.529197663
20727610.674582306 3655842.377197663
20727610.684582308 3655842.225197663
20727610.694582310 3655842.073197663
20727610.704582307 3655841.921197663
20727610.714582309 3655841.769197663
20727610.724582307 3655841.617197663
20727610.734582309 3655841.465197663
20727610.744582307 3655841.313197663
20727610.754582308 3655841.161197663
20727610.764582306 3655841.009197663
20727610.774582308 3655840.857197663
20727610.784582309 3655840.705197663
20727610.794582307 3655840.553197663
20727610.804582309 3655840.401197663
20727610.814582307 3655840.249197663
20727610.824582309 3655840.097197663
20727610.834582306 3655839.945197663
20727610.844582308 3655839.793197663
20727610.854582310 3655839.641197663
20727610.864582308 3655839.489197663
20727610.874582309 3655839.337197663
20727610.884582307 3655839.185197663
20727610.894582309 3655839.033197663
20727610.904582307 3655838.881197663
20727610.914582308 3655838.729197663
20727610.924582306 3655838.577197663
20727610.934582308 3655838.425197663
20727610.944582310 3655838.273197663
20727610.954582307 3655838.121197663
20727610.964582309 3655837.969197663
20727610.974582307 3655837.817197663
20727610.984582309 3655837.665197663
20727610.994582307 3655837.513197663
20727611.004582308 3655837.361197663
20727611.014582306 3655837.209197663
20727611.024582308 3655837.057197663
20727611.034582309 3655836.905197663
20727611.044582307 3655836.753197663
20727611.054582309 3655836.601197663
20727611.064582307 3655836.449197663
20727611.074582309 3655836.297197663
20727611.084582306 3655836.145197663
20727611.094582308 3655835.993197663
20727611.104582310 3655835.841197663
20727611.114582308 3655835.689197663
20727611.124582309 3655835.537197663
20727611.134582307 3655835.385197663
20727611.144582309 3655835.233197663
20727611.154582307 3655835.081197663
20727611.164582308 3655834.929197663
20727611.174582306 3655834.777197663
20727611.184582308 3655834.625197663
20727611.194582310 3655834.473197663
20727611.204582307 3655834.321197663
20727611.214582309 3655834.169197663
20727611.224582307 3655834.017197663
20727611.234582309 3655833.865197663
20727611.244582307 3655833.713197663
20727611.254582308 3655833.561197663
20727611.264582306 3655833.409197663
20727611.274582308 3655833.257197663
20727611.284582309 3655833.105197663
20727611.294582307 3655832.953197663
20727611.304582309 3655832.801197663
20727611.314582307 3655832.649197663
20727611.324582309 3655832.497197663
20727611.334582306 3655832.345197663
20727611.344582308 3655832.193197663
20727611.354582310 3655832.041197663
20727611.364582308 3655831.889197663
20727611.374582309 3655831.737197663
20727611.384582307 3655831.585197663
20727611.394582309 3655831.433197663
20727611.404582307 3655831.281197663
20727611.414582308 3655831.129197663
20727611.424582306 3655830.977197663
20727611.434582308 3655830.825197663
20727611.444582310 3655830.673197663
20727611.454582307 3655830.521197663
20727611.464582309 3655830.369197663
20727611.474582307 3655830.217197663
20727611.484582309 3655830.065197663
20727611.494582307 3655829.913197663
20727611.504582308 3655829.761197663
20727611.514582306 3655829.609197663
20727611.524582308 3655829.457197663
20727611.534582309 3655829.305197663
20727611.544582307 3655829.153197663
20727611.554582309 3655829.001197663
20727611.564582307 3655828.849197663
20727611.574582309 3655828.697197663
20727611.584582306 3655828.545197663
20727611.594582308 3655828.393197663
20727611.604582310 3655828.241197663
20727611.614582308 3655828.089197663
20727611.624582309 3655827.937197663
20727611.634582307 3655827.785197663
20727611.644582309 3655827.633197663
20727611.654582307 3655827.481197663
20727611.664582308 3655827.329197663
20727611.674582306 3655827.177197663
20727611.684582308 3655827.025197663
20727611.694582310 3655826.873197663
20727611.704582307 3655826.721197663
20727611.714582309 3655826.569197663
20727611.724582307 3655826.417197663
20727611.734582309 3655826.265197663
20727611.744582307 3655826.113197663
20727611.754582308 3655825.961197663
20727611.764582306 3655825.809197663
20727611.774582308 3655825.657197663
20727611.784582309 3655825.505197663
20727611.794582307 3655825.353197663
20727611.804582309 3655825.201197663
20727611.814582307 3655825.049197663
20727611.824582309 3655824.897197663
20727611.834582306 3655824.745197663
20727611.844582308 3655824.593197663
20727611.854582310 3655824.441197663
20727611.864582308 3655824.289197663
20727611.874582309 3655824.137197663
20727611.884582307 3655823.985197663
20727611.894582309 3655823.833197663
20727611.904582307 3655823.681197663
20727611.914582308 3655823.529197663
20727611.924582306 3655823.377197663
20727611.934582308 3655823.225197663
20727611.944582310 3655823.073197663
20727611.954582307 3655822.921197663
20727611.964582309 3655822.769197663
20727611.974582307 3655822.617197663
20727611.984582309 3655822.465197663
20727611.994582307 3655822.313197663
20727612.004582308 3655822.161197663
20727612.014582306 3655822.009197663
20727612.024582308 3655821.857197663
20727612.034582309 3655821.705197663
20727612.044582307 3655821.553197663
20727612.054582309 3655821.401197663
20727612.064582307 3655821.249197663
20727612.074582309 3655821.097197663
20727612.084582306 3655820.945197663
20727612.094582308 3655820.793197663
20727612.104582310 3655820.641197663
20727612.114582308 3655820.489197663
20727612.124582309 3655820.337197663
20727612.134582307 3655820.185197663
20727612.144582309 3655820.033197663
20727612.154582307 3655819.881197663
20727612.164582308 3655819.729197663
20727612.174582306 3655819.577197663
20727612.184582308 3655819.425197663
