20727613.484582305 3655819.518342663
20727613.474582303 3655819.670342663
20727613.464582305 3655819.822342663
20727613.454582304 3655819.974342663
20727613.444582306 3655820.126342663
20727613.434582304 3655820.278342663
20727613.424582306 3655820.430342663
20727613.414582305 3655820.582342663
20727613.404582307 3655820.734342663
20727613.394582305 3655820.886342663
20727613.384582303 3655821.038342663
20727613.374582306 3655821.190342663
20727613.364582304 3655821.342342663
20727613.354582306 3655821.494342663
20727613.344582304 3655821.646342663
20727613.334582306 3655821.798342663
20727613.324582305 3655821.950342663
20727613.314582303 3655822.102342663
20727613.304582305 3655822.254342663
20727613.294582304 3655822.406342663
20727613.284582306 3655822.558342663
20727613.274582304 3655822.710342663
20727613.264582306 3655822.862342663
20727613.254582305 3655823.014342663
20727613.244582307 3655823.166342663
20727613.234582305 3655823.318342663
20727613.224582303 3655823.470342663
20727613.214582305 3655823.622342663
20727613.204582304 3655823.774342663
20727613.194582306 3655823.926342663
20727613.184582304 3655824.078342663
20727613.174582306 3655824.230342663
20727613.164582305 3655824.382342663
20727613.154582307 3655824.534342663
20727613.144582305 3655824.686342663
20727613.134582303 3655824.838342663
20727613.124582306 3655824.990342663
20727613.114582304 3655825.142342663
20727613.104582306 3655825.294342663
20727613.094582304 3655825.446342663
20727613.084582306 3655825.598342663
20727613.074582305 3655825.750342663
20727613.064582303 3655825.902342663
20727613.054582305 3655826.054342663
20727613.044582304 3655826.206342663
20727613.034582306 3655826.358342663
20727613.024582304 3655826.510342663
20727613.014582306 3655826.662342663
20727613.004582305 3655826.814342663
20727612.994582307 3655826.966342663
20727612.984582305 3655827.118342663
20727612.974582303 3655827.270342663
20727612.964582305 3655827.422342663
20727612.954582304 3655827.574342663
20727612.944582306 3655827.726342663
20727612.934582304 3655827.878342663
20727612.924582306 3655828.030342663
20727612.914582305 3655828.182342663
20727612.904582307 3655828.334342663
20727612.894582305 3655828.486342663
20727612.884582303 3655828.638342663
20727612.874582306 3655828.790342663
20727612.864582304 3655828.942342663
20727612.854582306 3655829.094342663
20727612.844582304 3655829.246342663
20727612.834582306 3655829.398342663
20727612.824582305 3655829.550342663
20727612.814582303 3655829.702342663
20727612.804582305 3655829.854342663
20727612.794582304 3655830.006342663
20727612.784582306 3655830.158342663
20727612.774582304 3655830.310342663
20727612.764582306 3655830.462342663
20727612.754582305 3655830.614342663
20727612.744582307 3655830.766342663
20727612.734582305 3655830.918342663
20727612.724582303 3655831.070342663
20727612.714582305 3655831.222342663
20727612.704582304 3655831.374342663
20727612.694582306 3655831.526342663
20727612.684582304 3655831.678342663
20727612.674582306 3655831.830342663
20727612.664582305 3655831.982342663
20727612.654582307 3655832.134342663
20727612.644582305 3655832.286342663
20727612.634582303 3655832.438342663
20727612.624582306 3655832.590342663
20727612.614582304 3655832.742342663
20727612.604582306 3655832.894342663
20727612.594582304 3655833.046342663
20727612.584582306 3655833.198342663
20727612.574582305 3655833.350342663
20727612.564582303 3655833.502342663
20727612.554582305 3655833.654342663
20727612.544582304 3655833.806342663
20727612.534582306 3655833.958342663
20727612.524582304 3655834.110342663
20727612.514582306 3655834.262342663
20727612.504582305 3655834.414342663
20727612.494582307 3655834.566342663
20727612.484582305 3655834.718342663
20727612.474582303 3655834.870342663
20727612.464582305 3655835.022342663
20727612.454582304 3655835.174342663
20727612.444582306 3655835.326342663
20727612.434582304 3655835.478342663
20727612.424582306 3655835.630342663
20727612.414582305 3655835.782342663
20727612.404582307 3655835.934342663
20727612.394582305 3655836.086342663
20727612.384582303 3655836.238342663
20727612.374582306 3655836.390342663
20727612.364582304 3655836.542342663
20727612.354582306 3655836.694342663
20727612.344582304 3655836.846342663
20727612.334582306 3655836.998342663
20727612.324582305 3655837.150342663
20727612.314582303 3655837.302342663
20727612.304582305 3655837.454342663
20727612.294582304 3655837.606342663
20727612.284582306 3655837.758342663
20727612.274582304 3655837.910342663
20727612.264582306 3655838.062342663
20727612.254582305 3655838.214342663
20727612.244582307 3655838.366342663
20727612.234582305 3655838.518342663
20727612.224582303 3655838.670342663
20727612.214582305 3655838.822342663
20727612.204582304 3655838.974342663
20727612.194582306 3655839.126342663
20727612.184582304 3655839.278342663
20727612.174582306 3655839.430342663
20727612.164582305 3655839.582342663
20727612.154582307 3655839.734342663
20727612.144582305 3655839.886342663
20727612.134582303 3655840.038342663
20727612.124582306 3655840.190342663
20727612.114582304 3655840.342342663
20727612.104582306 3655840.494342663
20727612.094582304 3655840.646342663
20727612.084582306 3655840.798342663
20727612.074582305 3655840.950342663
20727612.064582303 3655841.102342663
20727612.054582305 3655841.254342663
20727612.044582304 3655841.406342663
20727612.034582306 3655841.558342663
20727612.024582304 3655841.710342663
20727612.014582306 3655841.862342663
20727612.004582305 3655842.014342663
20727611.994582307 3655842.166342663
20727611.984582305 3655842.318342663
20727611.974582303 3655842.470342663
20727611.964582305 3655842.622342663
20727611.954582304 3655842.774342663
20727611.944582306 3655842.926342663
20727611.934582304 3655843.078342663
20727611.924582306 3655843.230342663
20727611.914582305 3655843.382342663
20727611.904582307 3655843.534342663
20727611.894582305 3655843.686342663
20727611.884582303 3655843.838342663
20727611.874582306 3655843.990342663
20727611.864582304 3655844.142342663
20727611.854582306 3655844.294342663
20727611.844582304 3655844.446342663
20727611.834582306 3655844.598342663
20727611.824582305 3655844.750342663
20727611.814582303 3655844.902342663
20727611.804582305 3655845.054342663
20727611.794582304 3655845.206342663
20727611.784582306 3655845.358342663
20727611.774582304 3655845.510342663
20727611.764582306 3655845.662342663
20727611.754582305 3655845.814342663
20727611.744582307 3655845.966342663
20727611.734582305 3655846.118342663
20727611.724582303 3655846.270342663
20727611.714582305 3655846.422342663
20727611.704582304 3655846.574342663
20727611.694582306 3655846.726342663
20727611.684582304 3655846.878342663
20727611.674582306 3655847.030342663
20727611.664582305 3655847.182342663
20727611.654582307 3655847.334342663
20727611.644582305 3655847.486342663
20727611.634582303 3655847.638342663
20727611.624582306 3655847.790342663
20727611.614582304 3655847.942342663
20727611.604582306 3655848.094342663
20727611.594582304 3655848.246342663
20727611.584582306 3655848.398342663
20727611.574582305 3655848.550342663
20727611.564582303 3655848.702342663
20727611.554582305 3655848.854342663
20727611.544582304 3655849.006342663
20727611.534582306 3655849.158342663
20727611.524582304 3655849.310342663
20727611.514582306 3655849.462342663
20727611.504582305 3655849.614342663
20727611.494582307 3655849.766342663
20727611.484582305 3655849.918342663
20727611.474582303 3655850.070342663
20727611.464582305 3655850.222342663
20727611.454582304 3655850.374342663
20727611.444582306 3655850.526342663
20727611.434582304 3655850.678342663
20727611.424582306 3655850.830342663
20727611.414582305 3655850.982342663
20727611.404582307 3655851.134342663
20727611.394582305 3655851.286342663
20727611.384582303 3655851.438342663
20727611.374582306 3655851.590342663
20727611.364582304 3655851.742342663
20727611.354582306 3655851.894342663
20727611.344582304 3655852.046342663
20727611.334582306 3655852.198342663
20727611.324582305 3655852.350342663
20727611.314582303 3655852.502342663
20727611.304582305 3655852.654342663
20727611.294582304 3655852.806342663
20727611.284582306 3655852.958342663
20727611.274582304 3655853.110342663
20727611.264582306 3655853.262342663
20727611.254582305 3655853.414342663
20727611.244582307 3655853.566342663
20727611.234582305 3655853.718342663
20727611.224582303 3655853.870342663
20727611.214582305 3655854.022342663
20727611.204582304 3655854.174342663
20727611.194582306 3655854.326342663
20727611.184582304 3655854.478342663
20727611.174582306 3655854.630342663
20727611.164582305 3655854.782342663
20727611.154582307 3655854.934342663
20727611.144582305 3655855.086342663
20727611.134582303 3655855.238342663
20727611.124582306 3655855.390342663
20727611.114582304 3655855.542342663
20727611.104582306 3655855.694342663
20727611.094582304 3655855.846342663
20727611.084582306 3655855.998342663
20727611.074582305 3655856.150342663
20727611.064582303 3655856.302342663
20727611.054582305 3655856.454342663
20727611.044582304 3655856.606342663
20727611.034582306 3655856.758342663
20727611.024582304 3655856.910342663
20727611.014582306 3655857.062342663
20727611.004582305 3655857.214342663
20727610.994582307 3655857.366342663
20727610.984582305 3655857.518342663
20727610.974582303 3655857.670342663
20727610.964582305 3655857.822342663
20727610.954582304 3655857.974342663
20727610.944582306 3655858.126342663
20727610.934582304 3655858.278342663
20727610.924582306 3655858.430342663
20727610.914582305 3655858.582342663
20727610.904582307 3655858.734342663
20727610.894582305 3655858.886342663
20727610.884582303 3655859.038342663
20727610.874582306 3655859.190342663
20727610.864582304 3655859.342342663
20727610.854582306 3655859.494342663
20727610.844582304 3655859.646342663
20727610.834582306 3655859.798342663
20727610.824582305 3655859.950342663
20727610.814582303 3655860.102342663
20727610.804582305 3655860.254342663
20727610.794582304 3655860.406342663
20727610.784582306 3655860.558342663
20727610.774582304 3655860.710342663
20727610.764582306 3655860.862342663
20727610.754582305 3655861.014342663
20727610.744582307 3655861.166342663
20727610.734582305 3655861.318342663
20727610.724582303 3655861.470342663
20727610.714582305 3655861.622342663
20727610.704582304 3655861.774342663
20727610.694582306 3655861.926342663
20727610.684582304 3655862.078342663
20727610.674582306 3655862.230342663
20727610.664582305 3655862.382342663
20727610.654582307 3655862.534342663
20727610.644582305 3655862.686342663
20727610.634582303 3655862.838342663
20727610.624582306 3655862.990342663
20727610.614582304 3655863.142342663
20727610.604582306 3655863.294342663
20727610.594582304 3655863.446342663
20727610.584582306 3655863.598342663
20727610.574582305 3655863.750342663
20727610.564582303 3655863.902342663
20727610.554582305 3655864.054342663
20727610.544582304 3655864.206342663
20727610.534582306 3655864.358342663
20727610.524582304 3655864.510342663
20727610.514582306 3655864.662342663
20727610.504582305 3655864.814342663
20727610.494582307 3655864.966342663
20727610.484582305 3655865.118342663
20727610.474582303 3655865.270342663
20727610.464582305 3655865.422342663
20727610.454582304 3655865.574342663
20727610.444582306 3655865.726342663
20727610.434582304 3655865.878342663
20727610.424582306 3655866.030342663
20727610.414582305 3655866.182342663
20727610.404582307 3655866.334342663
20727610.394582305 3655866.486342663
20727610.384582303 3655866.638342663
20727610.374582306 3655866.790342663
20727610.364582304 3655866.942342663
20727610.354582306 3655867.094342663
20727610.344582304 3655867.246342663
20727610.334582306 3655867.398342663
20727610.324582305 3655867.550342663
20727610.314582303 3655867.702342663
20727610.304582305 3655867.854342663
20727610.294582304 3655868.006342663
20727610.284582306 3655868.158342663
20727610.274582304 3655868.310342663
20727610.264582306 3655868.462342663
20727610.254582305 3655868.614342663
20727610.244582307 3655868.766342663
20727610.234582305 3655868.918342663
20727610.224582303 3655869.070342663
20727610.214582305 3655869.222342663
20727610.204582304 3655869.374342663
20727610.194582306 3655869.526342663
20727610.184582304 3655869.678342663
20727610.174582306 3655869.830342663
20727610.164582305 3655869.982342663
20727610.154582307 3655870.134342663
20727610.144582305 3655870.286342663
20727610.134582303 3655870.438342663
20727610.124582306 3655870.590342663
20727610.114582304 3655870.742342663
20727610.104582306 3655870.894342663
20727610.094582304 3655871.046342663
20727610.084582306 3655871.198342663
20727610.074582305 3655871.350342663
20727610.064582303 3655871.502342663
20727610.054582305 3655871.654342663
20727610.044582304 3655871.806342663
20727610.034582306 3655871.958342663
20727610.024582304 3655872.110342663
20727610.014582306 3655872.262342663
20727610.004582305 3655872.414342663
20727609.994582307 3655872.566342663
20727609.984582305 3655872.718342663
20727609.974582303 3655872.870342663
20727609.964582305 3655873.022342663
20727609.954582304 3655873.174342663
20727609.944582306 3655873.326342663
20727609.934582304 3655873.478342663
20727609.924582306 3655873.630342663
20727609.914582305 3655873.782342663
20727609.904582307 3655873.934342663
20727609.894582305 3655874.086342663
20727609.884582303 3655874.238342663
20727609.874582306 3655874.390342663
20727609.864582304 3655874.542342663
20727609.854582306 3655874.694342663
20727609.844582304 3655874.846342663
20727609.834582306 3655874.998342663
20727609.824582305 3655875.150342663
20727609.814582303 3655875.302342663
20727609.804582305 3655875.454342663
20727609.794582304 3655875.606342663
20727609.784582306 3655875.758342663
20727609.774582304 3655875.910342663
20727609.764582306 3655876.062342663
20727609.754582305 3655876.214342663
20727609.744582307 3655876.366342663
20727609.734582305 3655876.518342663
20727609.724582303 3655876.670342663
20727609.714582305 3655876.822342663
20727609.704582304 3655876.974342663
20727609.694582306 3655877.126342663
20727609.684582304 3655877.278342663
20727609.674582306 3655877.430342663
20727609.664582305 3655877.582342663
20727609.654582307 3655877.734342663
20727609.644582305 3655877.886342663
20727609.634582303 3655878.038342663
20727609.624582306 3655878.190342663
20727609.614582304 3655878.342342663
20727609.604582306 3655878.494342663
20727609.594582304 3655878.646342663
20727609.584582306 3655878.798342663
20727609.574582305 3655878.950342663
20727609.564582303 3655879.102342663
20727609.554582305 3655879.254342663
20727609.544582304 3655879.406342663
20727609.534582306 3655879.558342663
20727609.524582304 3655879.710342663
20727609.514582306 3655879.862342663
20727609.504582305 3655880.014342663
20727609.494582307 3655880.166342663
20727609.484582305 3655880.318342663
20727609.474582303 3655880.470342663
20727609.464582305 3655880.622342663
20727609.454582304 3655880.774342663
20727609.444582306 3655880.926342663
20727609.434582304 3655881.078342663
20727609.424582306 3655881.230342663
20727609.414582305 3655881.382342663
20727609.404582307 3655881.534342663
20727609.394582305 3655881.686342663
20727609.384582303 3655881.838342663
20727609.374582306 3655881.990342663
20727609.364582304 3655882.142342663
20727609.354582306 3655882.294342663
20727609.344582304 3655882.446342663
20727609.334582306 3655882.598342663
20727609.324582305 3655882.750342663
20727609.314582303 3655882.902342663
20727609.304582305 3655883.054342663
20727609.294582304 3655883.206342663
20727609.284582306 3655883.358342663
20727609.274582304 3655883.510342663
20727609.264582306 3655883.662342663
20727609.254582305 3655883.814342663
20727609.244582307 3655883.966342663
20727609.234582305 3655884.118342663
20727609.224582303 3655884.270342663
20727609.214582305 3655884.422342663
20727609.204582304 3655884.574342663
20727609.194582306 3655884.726342663
20727609.184582304 3655884.878342663
20727609.174582306 3655885.030342663
20727609.164582305 3655885.182342663
20727609.154582307 3655885.334342663
20727609.144582305 3655885.486342663
20727609.134582303 3655885.638342663
20727609.124582306 3655885.790342663
20727609.114582304 3655885.942342663
20727609.104582306 3655886.094342663
20727609.094582304 3655886.246342663
20727609.084582306 3655886.398342663
20727609.074582305 3655886.550342663
20727609.064582303 3655886.702342663
20727609.054582305 3655886.854342663
20727609.044582304 3655887.006342663
20727609.034582306 3655887.158342663
20727609.024582304 3655887.310342663
20727609.014582306 3655887.462342663
20727609.004582305 3655887.614342663
20727608.994582307 3655887.766342663
20727608.984582305 3655887.918342663
20727608.974582303 3655888.070342663
20727608.964582305 3655888.222342663
20727608.954582304 3655888.374342663
20727608.944582306 3655888.526342663
20727608.934582304 3655888.678342663
20727608.924582306 3655888.830342663
20727608.914582305 3655888.982342663
20727608.904582307 3655889.134342663
20727608.894582305 3655889.286342663
20727608.884582303 3655889.438342663
20727608.874582306 3655889.590342663
20727608.864582304 3655889.742342663
20727608.854582306 3655889.894342663
20727608.844582304 3655890.046342663
20727608.834582306 3655890.198342663
20727608.824582305 3655890.350342663
20727608.814582303 3655890.502342663
20727608.804582305 3655890.654342663
20727608.794582304 3655890.806342663
20727608.784582306 3655890.958342663
20727608.774582304 3655891.110342663
20727608.764582306 3655891.262342663
20727608.754582305 3655891.414342663
20727608.744582307 3655891.566342663
20727608.734582305 3655891.718342663
20727608.724582303 3655891.870342663
20727608.714582305 3655892.022342663
20727608.704582304 3655892.174342663
20727608.694582306 3655892.326342663
20727608.684582304 3655892.478342663
20727608.674582306 3655892.630342663
20727608.664582305 3655892.782342663
20727608.654582307 3655892.934342663
20727608.644582305 3655893.086342663
20727608.634582303 3655893.238342663
20727608.624582306 3655893.390342663
20727608.614582304 3655893.542342663
20727608.604582306 3655893.694342663
20727608.594582304 3655893.846342663
20727608.584582306 3655893.998342663
20727608.574582305 3655894.150342663
20727608.564582303 3655894.302342663
20727608.554582305 3655894.454342663
20727608.544582304 3655894.606342663
20727608.534582306 3655894.758342663
20727608.524582304 3655894.910342663
20727608.514582306 3655895.062342663
20727608.504582305 3655895.214342663
20727608.494582307 3655895.366342663
20727608.484582305 3655895.518342663
20727608.474582303 3655895.670342663
20727608.464582305 3655895.822342663
20727608.454582304 3655895.974342663
20727608.444582306 3655896.126342663
20727608.434582304 3655896.278342663
20727608.424582306 3655896.430342663
20727608.414582305 3655896.582342663
20727608.404582307 3655896.734342663
20727608.394582305 3655896.886342663
20727608.384582303 3655897.038342663
20727608.374582306 3655897.190342663
20727608.364582304 3655897.342342663
20727608.354582306 3655897.494342663
20727608.344582304 3655897.646342663
20727608.334582306 3655897.798342663
20727608.324582305 3655897.950342663
20727608.314582303 3655898.102342663
20727608.304582305 3655898.254342663
20727608.294582304 3655898.406342663
20727608.284582306 3655898.558342663
20727608.274582304 3655898.710342663
20727608.264582306 3655898.862342663
20727608.254582305 3655899.014342663
20727608.244582307 3655899.166342663
20727608.234582305 3655899.318342663
20727608.224582303 3655899.470342663
20727608.214582305 3655899.622342663
20727608.204582304 3655899.774342663
20727608.194582306 3655899.926342663
20727608.184582304 3655900.078342663
20727608.174582306 3655900.230342663
20727608.164582305 3655900.382342663
20727608.154582307 3655900.534342663
20727608.144582305 3655900.686342663
20727608.134582303 3655900.838342663
20727608.124582306 3655900.990342663
20727608.114582304 3655901.142342663
20727608.104582306 3655901.294342663
20727608.094582304 3655901.446342663
20727608.084582306 3655901.598342663
20727608.074582305 3655901.750342663
20727608.064582303 3655901.902342663
20727608.054582305 3655902.054342663
20727608.044582304 3655902.206342663
20727608.034582306 3655902.358342663
20727608.024582304 3655902.510342663
20727608.014582306 3655902.662342663
20727608.004582305 3655902.814342663
20727607.994582307 3655902.966342663
20727607.984582305 3655903.118342663
20727607.974582303 3655903.270342663
20727607.964582305 3655903.422342663
20727607.954582304 3655903.574342663
20727607.944582306 3655903.726342663
20727607.934582304 3655903.878342663
20727607.924582306 3655904.030342663
20727607.914582305 3655904.182342663
20727607.904582307 3655904.334342663
20727607.894582305 3655904.486342663
20727607.884582303 3655904.638342663
20727607.874582306 3655904.790342663
20727607.864582304 3655904.942342663
20727607.854582306 3655905.094342663
20727607.844582304 3655905.246342663
20727607.834582306 3655905.398342663
20727607.824582305 3655905.550342663
20727607.814582303 3655905.702342663
20727607.804582305 3655905.854342663
20727607.794582304 3655906.006342663
20727607.784582306 3655906.158342663
20727607.774582304 3655906.310342663
20727607.764582306 3655906.462342663
20727607.754582305 3655906.614342663
20727607.744582307 3655906.766342663
20727607.734582305 3655906.918342663
20727607.724582303 3655907.070342663
20727607.714582305 3655907.222342663
20727607.704582304 3655907.374342663
20727607.694582306 3655907.526342663
20727607.684582304 3655907.678342663
20727607.674582306 3655907.830342663
20727607.664582305 3655907.982342663
20727607.654582307 3655908.134342663
20727607.644582305 3655908.286342663
20727607.634582303 3655908.438342663
20727607.624582306 3655908.590342663
20727607.614582304 3655908.742342663
20727607.604582306 3655908.894342663
20727607.594582304 3655909.046342663
20727607.584582306 3655909.198342663
20727607.574582305 3655909.350342663
20727607.564582303 3655909.502342663
20727607.554582305 3655909.654342663
20727607.544582304 3655909.806342663
20727607.534582306 3655909.958342663
20727607.524582304 3655910.110342663
20727607.514582306 3655910.262342663
20727607.504582305 3655910.414342663
20727607.494582307 3655910.566342663
20727607.484582305 3655910.718342663
20727607.474582303 3655910.870342663
20727607.464582305 3655911.022342663
20727607.454582304 3655911.174342663
20727607.444582306 3655911.326342663
20727607.434582304 3655911.478342663
20727607.424582306 3655911.630342663
20727607.414582305 3655911.782342663
20727607.404582307 3655911.934342663
20727607.394582305 3655912.086342663
20727607.384582303 3655912.238342663
20727607.374582306 3655912.390342663
20727607.364582304 3655912.542342663
20727607.354582306 3655912.694342663
20727607.344582304 3655912.846342663
20727607.334582306 3655912.998342663
20727607.324582305 3655913.150342663
20727607.314582303 3655913.302342663
20727607.304582305 3655913.454342663
20727607.294582304 3655913.606342663
20727607.284582306 3655913.758342663
20727607.274582304 3655913.910342663
20727607.264582306 3655914.062342663
20727607.254582305 3655914.214342663
20727607.244582307 3655914.366342663
20727607.234582305 3655914.518342663
20727607.224582303 3655914.670342663
20727607.214582305 3655914.822342663
20727607.204582304 3655914.974342663
20727607.194582306 3655915.126342663
20727607.184582304 3655915.278342663
20727607.174582306 3655915.430342663
20727607.164582305 3655915.582342663
20727607.154582307 3655915.734342663
20727607.144582305 3655915.886342663
20727607.134582303 3655916.038342663
20727607.124582306 3655916.190342663
20727607.114582304 3655916.342342663
20727607.104582306 3655916.494342663
20727607.094582304 3655916.646342663
20727607.084582306 3655916.798342663
20727607.074582305 3655916.950342663
20727607.064582303 3655917.102342663
20727607.054582305 3655917.254342663
20727607.044582304 3655917.406342663
20727607.034582306 3655917.558342663
20727607.024582304 3655917.710342663
20727607.014582306 3655917.862342663
20727607.004582305 3655918.014342663
20727606.994582307 3655918.166342663
20727606.984582305 3655918.318342663
20727606.974582303 3655918.470342663
20727606.964582305 3655918.622342663
20727606.954582304 3655918.774342663
20727606.944582306 3655918.926342663
20727606.934582304 3655919.078342663
20727606.924582306 3655919.230342663
20727606.914582305 3655919.382342663
20727606.904582307 3655919.534342663
20727606.894582305 3655919.686342663
20727606.884582303 3655919.838342663
20727606.874582306 3655919.990342663
20727606.864582304 3655920.142342663
20727606.854582306 3655920.294342663
20727606.844582304 3655920.446342663
20727606.834582306 3655920.598342663
20727606.824582305 3655920.750342663
20727606.814582303 3655920.902342663
20727606.804582305 3655921.054342663
20727606.794582304 3655921.206342663
20727606.784582306 3655921.358342663
20727606.774582304 3655921.510342663
20727606.764582306 3655921.662342663
20727606.754582305 3655921.814342663
20727606.744582307 3655921.966342663
20727606.734582305 3655922.118342663
20727606.724582303 3655922.270342663
20727606.714582305 3655922.422342663
20727606.704582304 3655922.574342663
20727606.694582306 3655922.726342663
20727606.684582304 3655922.878342663
20727606.674582306 3655923.030342663
20727606.664582305 3655923.182342663
20727606.654582307 3655923.334342663
20727606.644582305 3655923.486342663
20727606.634582303 3655923.638342663
20727606.624582306 3655923.790342663
20727606.614582304 3655923.942342663
20727606.604582306 3655924.094342663
20727606.594582304 3655924.246342663
20727606.584582306 3655924.398342663
20727606.574582305 3655924.550342663
20727606.564582303 3655924.702342663
20727606.554582305 3655924.854342663
20727606.544582304 3655925.006342663
20727606.534582306 3655925.158342663
20727606.524582304 3655925.310342663
20727606.514582306 3655925.462342663
20727606.504582305 3655925.614342663
20727606.494582307 3655925.766342663
20727606.484582305 3655925.918342663
20727606.474582303 3655926.070342663
20727606.464582305 3655926.222342663
20727606.454582304 3655926.374342663
20727606.444582306 3655926.526342663
20727606.434582304 3655926.678342663
20727606.424582306 3655926.830342663
20727606.414582305 3655926.982342663
20727606.404582307 3655927.134342663
20727606.394582305 3655927.286342663
20727606.384582303 3655927.438342663
20727606.374582306 3655927.590342663
20727606.364582304 3655927.742342663
20727606.354582306 3655927.894342663
20727606.344582304 3655928.046342663
20727606.334582306 3655928.198342663
20727606.324582305 3655928.350342663
20727606.314582303 3655928.502342663
20727606.304582305 3655928.654342663
20727606.294582304 3655928.806342663
20727606.284582306 3655928.958342663
20727606.274582304 3655929.110342663
20727606.264582306 3655929.262342663
20727606.254582305 3655929.414342663
20727606.244582307 3655929.566342663
20727606.234582305 3655929.718342663
20727606.224582303 3655929.870342663
20727606.214582305 3655930.022342663
20727606.204582304 3655930.174342663
20727606.194582306 3655930.326342663
20727606.184582304 3655930.478342663
20727606.174582306 3655930.630342663
20727606.164582305 3655930.782342663
20727606.154582307 3655930.934342663
20727606.144582305 3655931.086342663
20727606.134582303 3655931.238342663
20727606.124582306 3655931.390342663
20727606.114582304 3655931.542342663
20727606.104582306 3655931.694342663
20727606.094582304 3655931.846342663
20727606.084582306 3655931.998342663
20727606.074582305 3655932.150342663
20727606.064582303 3655932.302342663
20727606.054582305 3655932.454342663
20727606.044582304 3655932.606342663
20727606.034582306 3655932.758342663
20727606.024582304 3655932.910342663
20727606.014582306 3655933.062342663
20727606.004582305 3655933.214342663
20727605.994582307 3655933.366342663
20727605.984582305 3655933.518342663
20727605.974582303 3655933.670342663
20727605.964582305 3655933.822342663
20727605.954582304 3655933.974342663
20727605.944582306 3655934.126342663
20727605.934582304 3655934.278342663
20727605.924582306 3655934.430342663
20727605.914582305 3655934.582342663
20727605.904582307 3655934.734342663
20727605.894582305 3655934.886342663
20727605.884582303 3655935.038342663
20727605.874582306 3655935.190342663
20727605.864582304 3655935.342342663
20727605.854582306 3655935.494342663
20727605.844582304 3655935.646342663
20727605.834582306 3655935.798342663
20727605.824582305 3655935.950342663
20727605.814582303 3655936.102342663
20727605.804582305 3655936.254342663
20727605.794582304 3655936.406342663
20727605.784582306 3655936.558342663
20727605.774582304 3655936.710342663
20727605.764582306 3655936.862342663
20727605.754582305 3655937.014342663
20727605.744582307 3655937.166342663
20727605.734582305 3655937.318342663
20727605.724582303 3655937.470342663
20727605.714582305 3655937.622342663
20727605.704582304 3655937.774342663
20727605.694582306 3655937.926342663
20727605.684582304 3655938.078342663
20727605.674582306 3655938.230342663
20727605.664582305 3655938.382342663
20727605.654582307 3655938.534342663
20727605.644582305 3655938.686342663
20727605.634582303 3655938.838342663
20727605.624582306 3655938.990342663
20727605.614582304 3655939.142342663
20727605.604582306 3655939.294342663
20727605.594582304 3655939.446342663
20727605.584582306 3655939.598342663
20727605.574582305 3655939.750342663
20727605.564582303 3655939.902342663
20727605.554582305 3655940.054342663
20727605.544582304 3655940.206342663
20727605.534582306 3655940.358342663
20727605.524582304 3655940.510342663
20727605.514582306 3655940.662342663
20727605.504582305 3655940.814342663
20727605.494582307 3655940.966342663
20727605.484582305 3655941.118342663
20727605.474582303 3655941.270342663
20727605.464582305 3655941.422342663
20727605.454582304 3655941.574342663
20727605.444582306 3655941.726342663
20727605.434582304 3655941.878342663
20727605.424582306 3655942.030342663
20727605.414582305 3655942.182342663
20727605.404582307 3655942.334342663
20727605.394582305 3655942.486342663
20727605.384582303 3655942.638342663
20727605.374582306 3655942.790342663
20727605.364582304 3655942.942342663
20727605.354582306 3655943.094342663
20727605.344582304 3655943.246342663
20727605.334582306 3655943.398342663
20727605.324582305 3655943.550342663
20727605.314582303 3655943.702342663
20727605.304582305 3655943.854342663
20727605.294582304 3655944.006342663
20727605.284582306 3655944.158342663
20727605.274582304 3655944.310342663
20727605.264582306 3655944.462342663
20727605.254582305 3655944.614342663
20727605.244582307 3655944.766342663
20727605.234582305 3655944.918342663
20727605.224582303 3655945.070342663
20727605.214582305 3655945.222342663
20727605.204582304 3655945.374342663
20727605.194582306 3655945.526342663
20727605.184582304 3655945.678342663
20727605.174582306 3655945.830342663
20727605.164582305 3655945.982342663
20727605.154582307 3655946.134342663
20727605.144582305 3655946.286342663
20727605.134582303 3655946.438342663
20727605.124582306 3655946.590342663
20727605.114582304 3655946.742342663
20727605.104582306 3655946.894342663
20727605.094582304 3655947.046342663
20727605.084582306 3655947.198342663
20727605.074582305 3655947.350342663
20727605.064582303 3655947.502342663
20727605.054582305 3655947.654342663
20727605.044582304 3655947.806342663
20727605.034582306 3655947.958342663
20727605.024582304 3655948.110342663
20727605.014582306 3655948.262342663
20727605.004582305 3655948.414342663
20727604.994582307 3655948.566342663
20727604.984582305 3655948.718342663
20727604.974582303 3655948.870342663
20727604.964582305 3655949.022342663
20727604.954582304 3655949.174342663
20727604.944582306 3655949.326342663
20727604.934582304 3655949.478342663
20727604.924582306 3655949.630342663
20727604.914582305 3655949.782342663
20727604.904582307 3655949.934342663
20727604.894582305 3655950.086342663
20727604.884582303 3655950.238342663
20727604.874582306 3655950.390342663
20727604.864582304 3655950.542342663
20727604.854582306 3655950.694342663
20727604.844582304 3655950.846342663
20727604.834582306 3655950.998342663
20727604.824582305 3655951.150342663
20727604.814582303 3655951.302342663
20727604.804582305 3655951.454342663
20727604.794582304 3655951.606342663
20727604.784582306 3655951.758342663
20727604.774582304 3655951.910342663
20727604.764582306 3655952.062342663
20727604.754582305 3655952.214342663
20727604.744582307 3655952.366342663
20727604.734582305 3655952.518342663
20727604.724582303 3655952.670342663
20727604.714582305 3655952.822342663
20727604.704582304 3655952.974342663
20727604.694582306 3655953.126342663
20727604.684582304 3655953.278342663
20727604.674582306 3655953.430342663
20727604.664582305 3655953.582342663
20727604.654582307 3655953.734342663
20727604.644582305 3655953.886342663
20727604.634582303 3655954.038342663
20727604.624582306 3655954.190342663
20727604.614582304 3655954.342342663
20727604.604582306 3655954.494342663
20727604.594582304 3655954.646342663
20727604.584582306 3655954.798342663
20727604.574582305 3655954.950342663
20727604.564582303 3655955.102342663
20727604.554582305 3655955.254342663
20727604.544582304 3655955.406342663
20727604.534582306 3655955.558342663
20727604.524582304 3655955.710342663
20727604.514582306 3655955.862342663
20727604.504582305 3655956.014342663
20727604.494582307 3655956.166342663
20727604.484582305 3655956.318342663
20727604.474582303 3655956.470342663
20727604.464582305 3655956.622342663
20727604.454582304 3655956.774342663
20727604.444582306 3655956.926342663
20727604.434582304 3655957.078342663
20727604.424582306 3655957.230342663
20727604.414582305 3655957.382342663
20727604.404582307 3655957.534342663
20727604.394582305 3655957.686342663
20727604.384582303 3655957.838342663
20727604.374582306 3655957.990342663
20727604.364582304 3655958.142342663
20727604.354582306 3655958.294342663
20727604.344582304 3655958.446342663
20727604.334582306 3655958.598342663
20727604.324582305 3655958.750342663
20727604.314582303 3655958.902342663
20727604.304582305 3655959.054342663
20727604.294582304 3655959.206342663
20727604.284582306 3655959.358342663
20727604.274582304 3655959.510342663
20727604.264582306 3655959.662342663
20727604.254582305 3655959.814342663
20727604.244582307 3655959.966342663
20727604.234582305 3655960.118342663
20727604.224582303 3655960.270342663
20727604.214582305 3655960.422342663
20727604.204582304 3655960.574342663
20727604.194582306 3655960.726342663
20727604.184582304 3655960.878342663
20727604.174582306 3655961.030342663
20727604.164582305 3655961.182342663
20727604.154582307 3655961.334342663
20727604.144582305 3655961.486342663
20727604.134582303 3655961.638342663
20727604.124582306 3655961.790342663
20727604.114582304 3655961.942342663
20727604.104582306 3655962.094342663
20727604.094582304 3655962.246342663
20727604.084582306 3655962.398342663
20727604.074582305 3655962.550342663
20727604.064582303 3655962.702342663
20727604.054582305 3655962.854342663
20727604.044582304 3655963.006342663
20727604.034582306 3655963.158342663
20727604.024582304 3655963.310342663
20727604.014582306 3655963.462342663
20727604.004582305 3655963.614342663
20727603.994582307 3655963.766342663
20727603.984582305 3655963.918342663
20727603.974582303 3655964.070342663
20727603.964582305 3655964.222342663
20727603.954582304 3655964.374342663
20727603.944582306 3655964.526342663
20727603.934582304 3655964.678342663
20727603.924582306 3655964.830342663
20727603.914582305 3655964.982342663
20727603.904582307 3655965.134342663
20727603.894582305 3655965.286342663
20727603.884582303 3655965.438342663
20727603.874582306 3655965.590342663
20727603.864582304 3655965.742342663
20727603.854582306 3655965.894342663
20727603.844582304 3655966.046342663
20727603.834582306 3655966.198342663
20727603.824582305 3655966.350342663
20727603.814582303 3655966.502342663
20727603.804582305 3655966.654342663
20727603.794582304 3655966.806342663
20727603.784582306 3655966.958342663
20727603.774582304 3655967.110342663
20727603.764582306 3655967.262342663
20727603.754582305 3655967.414342663
20727603.744582307 3655967.566342663
20727603.734582305 3655967.718342663
20727603.724582303 3655967.870342663
20727603.714582305 3655968.022342663
20727603.704582304 3655968.174342663
20727603.694582306 3655968.326342663
20727603.684582304 3655968.478342663
20727603.674582306 3655968.630342663
20727603.664582305 3655968.782342663
20727603.654582307 3655968.934342663
20727603.644582305 3655969.086342663
20727603.634582303 3655969.238342663
20727603.624582306 3655969.390342663
20727603.614582304 3655969.542342663
20727603.604582306 3655969.694342663
20727603.594582304 3655969.846342663
20727603.584582306 3655969.998342663
20727603.574582305 3655970.150342663
20727603.564582303 3655970.302342663
20727603.554582305 3655970.454342663
20727603.544582304 3655970.606342663
20727603.534582306 3655970.758342663
20727603.524582304 3655970.910342663
20727603.514582306 3655971.062342663
20727603.504582305 3655971.214342663
20727603.494582307 3655971.366342663
20727603.484582305 3655971.518342663
20727603.474582303 3655971.670342663
20727603.464582305 3655971.822342663
20727603.454582304 3655971.974342663
20727603.444582306 3655972.126342663
20727603.434582304 3655972.278342663
20727603.424582306 3655972.430342663
20727603.414582305 3655972.582342663
20727603.404582307 3655972.734342663
20727603.394582305 3655972.886342663
20727603.384582303 3655973.038342663
20727603.374582306 3655973.190342663
20727603.364582304 3655973.342342663
20727603.354582306 3655973.494342663
20727603.344582304 3655973.646342663
20727603.334582306 3655973.798342663
20727603.324582305 3655973.950342663
20727603.314582303 3655974.102342663
20727603.304582305 3655974.254342663
20727603.294582304 3655974.406342663
20727603.284582306 3655974.558342663
20727603.274582304 3655974.710342663
20727603.264582306 3655974.862342663
20727603.254582305 3655975.014342663
20727603.244582307 3655975.166342663
20727603.234582305 3655975.318342663
20727603.224582303 3655975.470342663
20727603.214582305 3655975.622342663
20727603.204582304 3655975.774342663
20727603.194582306 3655975.926342663
20727603.184582304 3655976.078342663
20727603.174582306 3655976.230342663
20727603.164582305 3655976.382342663
20727603.154582307 3655976.534342663
20727603.144582305 3655976.686342663
20727603.134582303 3655976.838342663
20727603.124582306 3655976.990342663
20727603.114582304 3655977.142342663
20727603.104582306 3655977.294342663
20727603.094582304 3655977.446342663
20727603.084582306 3655977.598342663
20727603.074582305 3655977.750342663
20727603.064582303 3655977.902342663
20727603.054582305 3655978.054342663
20727603.044582304 3655978.206342663
20727603.034582306 3655978.358342663
20727603.024582304 3655978.510342663
20727603.014582306 3655978.662342663
20727603.004582305 3655978.814342663
20727602.994582307 3655978.966342663
20727602.984582305 3655979.118342663
20727602.974582303 3655979.270342663
20727602.964582305 3655979.422342663
20727602.954582304 3655979.574342663
20727602.944582306 3655979.726342663
20727602.934582304 3655979.878342663
20727602.924582306 3655980.030342663
20727602.914582305 3655980.182342663
20727602.904582307 3655980.334342663
20727602.894582305 3655980.486342663
20727602.884582303 3655980.638342663
20727602.874582306 3655980.790342663
20727602.864582304 3655980.942342663
20727602.854582306 3655981.094342663
20727602.844582304 3655981.246342663
20727602.834582306 3655981.398342663
20727602.824582305 3655981.550342663
20727602.814582303 3655981.702342663
20727602.804582305 3655981.854342663
20727602.794582304 3655982.006342663
20727602.784582306 3655982.158342663
20727602.774582304 3655982.310342663
20727602.764582306 3655982.462342663
20727602.754582305 3655982.614342663
20727602.744582307 3655982.766342663
20727602.734582305 3655982.918342663
20727602.724582303 3655983.070342663
20727602.714582305 3655983.222342663
20727602.704582304 3655983.374342663
20727602.694582306 3655983.526342663
20727602.684582304 3655983.678342663
20727602.674582306 3655983.830342663
20727602.664582305 3655983.982342663
20727602.654582307 3655984.134342663
20727602.644582305 3655984.286342663
20727602.634582303 3655984.438342663
20727602.624582306 3655984.590342663
20727602.614582304 3655984.742342663
20727602.604582306 3655984.894342663
20727602.594582304 3655985.046342663
20727602.584582306 3655985.198342663
20727602.574582305 3655985.350342663
20727602.564582303 3655985.502342663
20727602.554582305 3655985.654342663
20727602.544582304 3655985.806342663
20727602.534582306 3655985.958342663
20727602.524582304 3655986.110342663
20727602.514582306 3655986.262342663
20727602.504582305 3655986.414342663
20727602.494582307 3655986.566342663
20727602.484582305 3655986.718342663
