20727603.784582306 3655986.811487663
20727603.794582307 3655986.659487663
20727603.804582305 3655986.507487663
20727603.814582307 3655986.355487663
20727603.824582305 3655986.203487663
20727603.834582306 3655986.051487663
20727603.844582304 3655985.899487663
20727603.854582306 3655985.747487663
20727603.864582304 3655985.595487663
20727603.874582306 3655985.443487663
20727603.884582307 3655985.291487663
20727603.894582305 3655985.139487663
20727603.904582307 3655984.987487663
20727603.914582305 3655984.835487663
20727603.924582306 3655984.683487663
20727603.934582304 3655984.531487663
20727603.944582306 3655984.379487663
20727603.954582307 3655984.227487663
20727603.964582305 3655984.075487663
20727603.974582307 3655983.923487663
20727603.984582305 3655983.771487663
20727603.994582307 3655983.619487663
20727604.004582305 3655983.467487663
20727604.014582306 3655983.315487663
20727604.024582304 3655983.163487663
20727604.034582306 3655983.011487663
20727604.044582307 3655982.859487663
20727604.054582305 3655982.707487663
20727604.064582307 3655982.555487663
20727604.074582305 3655982.403487663
20727604.084582306 3655982.251487663
20727604.094582304 3655982.099487663
20727604.104582306 3655981.947487663
20727604.114582304 3655981.795487663
20727604.124582306 3655981.643487663
20727604.134582307 3655981.491487663
20727604.144582305 3655981.339487663
20727604.154582307 3655981.187487663
20727604.164582305 3655981.035487663
20727604.174582306 3655980.883487663
20727604.184582304 3655980.731487663
20727604.194582306 3655980.579487663
20727604.204582307 3655980.427487663
20727604.214582305 3655980.275487663
20727604.224582307 3655980.123487663
20727604.234582305 3655979.971487663
20727604.244582307 3655979.819487663
20727604.254582305 3655979.667487663
20727604.264582306 3655979.515487663
20727604.274582304 3655979.363487663
20727604.284582306 3655979.211487663
20727604.294582307 3655979.059487663
20727604.304582305 3655978.907487663
20727604.314582307 3655978.755487663
20727604.324582305 3655978.603487663
20727604.334582306 3655978.451487663
20727604.344582304 3655978.299487663
20727604.354582306 3655978.147487663
20727604.364582304 3655977.995487663
20727604.374582306 3655977.843487663
20727604.384582307 3655977.691487663
20727604.394582305 3655977.539487663
20727604.404582307 3655977.387487663
20727604.414582305 3655977.235487663
20727604.424582306 3655977.083487663
20727604.434582304 3655976.931487663
20727604.444582306 3655976.779487663
20727604.454582307 3655976.627487663
20727604.464582305 3655976.475487663
20727604.474582307 3655976.323487663
20727604.484582305 3655976.171487663
20727604.494582307 3655976.019487663
20727604.504582305 3655975.867487663
20727604.514582306 3655975.715487663
20727604.524582304 3655975.563487663
20727604.534582306 3655975.411487663
20727604.544582307 3655975.259487663
20727604.554582305 3655975.107487663
20727604.564582307 3655974.955487663
20727604.574582305 3655974.803487663
20727604.584582306 3655974.651487663
20727604.594582304 3655974.499487663
20727604.604582306 3655974.347487663
20727604.614582304 3655974.195487663
20727604.624582306 3655974.043487663
20727604.634582307 3655973.891487663
20727604.644582305 3655973.739487663
20727604.654582307 3655973.587487663
20727604.664582305 3655973.435487663
20727604.674582306 3655973.283487663
20727604.684582304 3655973.131487663
20727604.694582306 3655972.979487663
20727604.704582307 3655972.827487663
20727604.714582305 3655972.675487663
20727604.724582307 3655972.523487663
20727604.734582305 3655972.371487663
20727604.744582307 3655972.219487663
20727604.754582305 3655972.067487663
20727604.764582306 3655971.915487663
20727604.774582304 3655971.763487663
20727604.784582306 3655971.611487663
20727604.794582307 3655971.459487663
20727604.804582305 3655971.307487663
20727604.814582307 3655971.155487663
20727604.824582305 3655971.003487663
20727604.834582306 3655970.851487663
20727604.844582304 3655970.699487663
20727604.854582306 3655970.547487663
20727604.864582304 3655970.395487663
20727604.874582306 3655970.243487663
20727604.884582307 3655970.091487663
20727604.894582305 3655969.939487663
20727604.904582307 3655969.787487663
20727604.914582305 3655969.635487663
20727604.924582306 3655969.483487663
20727604.934582304 3655969.331487663
20727604.944582306 3655969.179487663
20727604.954582307 3655969.027487663
20727604.964582305 3655968.875487663
20727604.974582307 3655968.723487663
20727604.984582305 3655968.571487663
20727604.994582307 3655968.419487663
20727605.004582305 3655968.267487663
20727605.014582306 3655968.115487663
20727605.024582304 3655967.963487663
20727605.034582306 3655967.811487663
20727605.044582307 3655967.659487663
20727605.054582305 3655967.507487663
20727605.064582307 3655967.355487663
20727605.074582305 3655967.203487663
20727605.084582306 3655967.051487663
20727605.094582304 3655966.899487663
20727605.104582306 3655966.747487663
20727605.114582304 3655966.595487663
20727605.124582306 3655966.443487663
20727605.134582307 3655966.291487663
20727605.144582305 3655966.139487663
20727605.154582307 3655965.987487663
20727605.164582305 3655965.835487663
20727605.174582306 3655965.683487663
20727605.184582304 3655965.531487663
20727605.194582306 3655965.379487663
20727605.204582307 3655965.227487663
20727605.214582305 3655965.075487663
20727605.224582307 3655964.923487663
20727605.234582305 3655964.771487663
20727605.244582307 3655964.619487663
20727605.254582305 3655964.467487663
20727605.264582306 3655964.315487663
20727605.274582304 3655964.163487663
20727605.284582306 3655964.011487663
20727605.294582307 3655963.859487663
20727605.304582305 3655963.707487663
20727605.314582307 3655963.555487663
20727605.324582305 3655963.403487663
20727605.334582306 3655963.251487663
20727605.344582304 3655963.099487663
20727605.354582306 3655962.947487663
20727605.364582304 3655962.795487663
20727605.374582306 3655962.643487663
20727605.384582307 3655962.491487663
20727605.394582305 3655962.339487663
20727605.404582307 3655962.187487663
20727605.414582305 3655962.035487663
20727605.424582306 3655961.883487663
20727605.434582304 3655961.731487663
20727605.444582306 3655961.579487663
20727605.454582307 3655961.427487663
20727605.464582305 3655961.275487663
20727605.474582307 3655961.123487663
20727605.484582305 3655960.971487663
20727605.494582307 3655960.819487663
20727605.504582305 3655960.667487663
20727605.514582306 3655960.515487663
20727605.524582304 3655960.363487663
20727605.534582306 3655960.211487663
20727605.544582307 3655960.059487663
20727605.554582305 3655959.907487663
20727605.564582307 3655959.755487663
20727605.574582305 3655959.603487663
20727605.584582306 3655959.451487663
20727605.594582304 3655959.299487663
20727605.604582306 3655959.147487663
20727605.614582304 3655958.995487663
20727605.624582306 3655958.843487663
20727605.634582307 3655958.691487663
20727605.644582305 3655958.539487663
20727605.654582307 3655958.387487663
20727605.664582305 3655958.235487663
20727605.674582306 3655958.083487663
20727605.684582304 3655957.931487663
20727605.694582306 3655957.779487663
20727605.704582307 3655957.627487663
20727605.714582305 3655957.475487663
20727605.724582307 3655957.323487663
20727605.734582305 3655957.171487663
20727605.744582307 3655957.019487663
20727605.754582305 3655956.867487663
20727605.764582306 3655956.715487663
20727605.774582304 3655956.563487663
20727605.784582306 3655956.411487663
20727605.794582307 3655956.259487663
20727605.804582305 3655956.107487663
20727605.814582307 3655955.955487663
20727605.824582305 3655955.803487663
20727605.834582306 3655955.651487663
20727605.844582304 3655955.499487663
20727605.854582306 3655955.347487663
20727605.864582304 3655955.195487663
20727605.874582306 3655955.043487663
20727605.884582307 3655954.891487663
20727605.894582305 3655954.739487663
20727605.904582307 3655954.587487663
20727605.914582305 3655954.435487663
20727605.924582306 3655954.283487663
20727605.934582304 3655954.131487663
20727605.944582306 3655953.979487663
20727605.954582307 3655953.827487663
20727605.964582305 3655953.675487663
20727605.974582307 3655953.523487663
20727605.984582305 3655953.371487663
20727605.994582307 3655953.219487663
20727606.004582305 3655953.067487663
20727606.014582306 3655952.915487663
20727606.024582304 3655952.763487663
20727606.034582306 3655952.611487663
20727606.044582307 3655952.459487663
20727606.054582305 3655952.307487663
20727606.064582307 3655952.155487663
20727606.074582305 3655952.003487663
20727606.084582306 3655951.851487663
20727606.094582304 3655951.699487663
20727606.104582306 3655951.547487663
20727606.114582304 3655951.395487663
20727606.124582306 3655951.243487663
20727606.134582307 3655951.091487663
20727606.144582305 3655950.939487663
20727606.154582307 3655950.787487663
20727606.164582305 3655950.635487663
20727606.174582306 3655950.483487663
20727606.184582304 3655950.331487663
20727606.194582306 3655950.179487663
20727606.204582307 3655950.027487663
20727606.214582305 3655949.875487663
20727606.224582307 3655949.723487663
20727606.234582305 3655949.571487663
20727606.244582307 3655949.419487663
20727606.254582305 3655949.267487663
20727606.264582306 3655949.115487663
20727606.274582304 3655948.963487663
20727606.284582306 3655948.811487663
20727606.294582307 3655948.659487663
20727606.304582305 3655948.507487663
20727606.314582307 3655948.355487663
20727606.324582305 3655948.203487663
20727606.334582306 3655948.051487663
20727606.344582304 3655947.899487663
20727606.354582306 3655947.747487663
20727606.364582304 3655947.595487663
20727606.374582306 3655947.443487663
20727606.384582307 3655947.291487663
20727606.394582305 3655947.139487663
20727606.404582307 3655946.987487663
20727606.414582305 3655946.835487663
20727606.424582306 3655946.683487663
20727606.434582304 3655946.531487663
20727606.444582306 3655946.379487663
20727606.454582307 3655946.227487663
20727606.464582305 3655946.075487663
20727606.474582307 3655945.923487663
20727606.484582305 3655945.771487663
20727606.494582307 3655945.619487663
20727606.504582305 3655945.467487663
20727606.514582306 3655945.315487663
20727606.524582304 3655945.163487663
20727606.534582306 3655945.011487663
20727606.544582307 3655944.859487663
20727606.554582305 3655944.707487663
20727606.564582307 3655944.555487663
20727606.574582305 3655944.403487663
20727606.584582306 3655944.251487663
20727606.594582304 3655944.099487663
20727606.604582306 3655943.947487663
20727606.614582304 3655943.795487663
20727606.624582306 3655943.643487663
20727606.634582307 3655943.491487663
20727606.644582305 3655943.339487663
20727606.654582307 3655943.187487663
20727606.664582305 3655943.035487663
20727606.674582306 3655942.883487663
20727606.684582304 3655942.731487663
20727606.694582306 3655942.579487663
20727606.704582307 3655942.427487663
20727606.714582305 3655942.275487663
20727606.724582307 3655942.123487663
20727606.734582305 3655941.971487663
20727606.744582307 3655941.819487663
20727606.754582305 3655941.667487663
20727606.764582306 3655941.515487663
20727606.774582304 3655941.363487663
20727606.784582306 3655941.211487663
20727606.794582307 3655941.059487663
20727606.804582305 3655940.907487663
20727606.814582307 3655940.755487663
20727606.824582305 3655940.603487663
20727606.834582306 3655940.451487663
20727606.844582304 3655940.299487663
20727606.854582306 3655940.147487663
20727606.864582304 3655939.995487663
20727606.874582306 3655939.843487663
20727606.884582307 3655939.691487663
20727606.894582305 3655939.539487663
20727606.904582307 3655939.387487663
20727606.914582305 3655939.235487663
20727606.924582306 3655939.083487663
20727606.934582304 3655938.931487663
20727606.944582306 3655938.779487663
20727606.954582307 3655938.627487663
20727606.964582305 3655938.475487663
20727606.974582307 3655938.323487663
20727606.984582305 3655938.171487663
20727606.994582307 3655938.019487663
20727607.004582305 3655937.867487663
20727607.014582306 3655937.715487663
20727607.024582304 3655937.563487663
20727607.034582306 3655937.411487663
20727607.044582307 3655937.259487663
20727607.054582305 3655937.107487663
20727607.064582307 3655936.955487663
20727607.074582305 3655936.803487663
20727607.084582306 3655936.651487663
20727607.094582304 3655936.499487663
20727607.104582306 3655936.347487663
20727607.114582304 3655936.195487663
20727607.124582306 3655936.043487663
20727607.134582307 3655935.891487663
20727607.144582305 3655935.739487663
20727607.154582307 3655935.587487663
20727607.164582305 3655935.435487663
20727607.174582306 3655935.283487663
20727607.184582304 3655935.131487663
20727607.194582306 3655934.979487663
20727607.204582307 3655934.827487663
20727607.214582305 3655934.675487663
20727607.224582307 3655934.523487663
20727607.234582305 3655934.371487663
20727607.244582307 3655934.219487663
20727607.254582305 3655934.067487663
20727607.264582306 3655933.915487663
20727607.274582304 3655933.763487663
20727607.284582306 3655933.611487663
20727607.294582307 3655933.459487663
20727607.304582305 3655933.307487663
20727607.314582307 3655933.155487663
20727607.324582305 3655933.003487663
20727607.334582306 3655932.851487663
20727607.344582304 3655932.699487663
20727607.354582306 3655932.547487663
20727607.364582304 3655932.395487663
20727607.374582306 3655932.243487663
20727607.384582307 3655932.091487663
20727607.394582305 3655931.939487663
20727607.404582307 3655931.787487663
20727607.414582305 3655931.635487663
20727607.424582306 3655931.483487663
20727607.434582304 3655931.331487663
20727607.444582306 3655931.179487663
20727607.454582307 3655931.027487663
20727607.464582305 3655930.875487663
20727607.474582307 3655930.723487663
20727607.484582305 3655930.571487663
20727607.494582307 3655930.419487663
20727607.504582305 3655930.267487663
20727607.514582306 3655930.115487663
20727607.524582304 3655929.963487663
20727607.534582306 3655929.811487663
20727607.544582307 3655929.659487663
20727607.554582305 3655929.507487663
20727607.564582307 3655929.355487663
20727607.574582305 3655929.203487663
20727607.584582306 3655929.051487663
20727607.594582304 3655928.899487663
20727607.604582306 3655928.747487663
20727607.614582304 3655928.595487663
20727607.624582306 3655928.443487663
20727607.634582307 3655928.291487663
20727607.644582305 3655928.139487663
20727607.654582307 3655927.987487663
20727607.664582305 3655927.835487663
20727607.674582306 3655927.683487663
20727607.684582304 3655927.531487663
20727607.694582306 3655927.379487663
20727607.704582307 3655927.227487663
20727607.714582305 3655927.075487663
20727607.724582307 3655926.923487663
20727607.734582305 3655926.771487663
20727607.744582307 3655926.619487663
20727607.754582305 3655926.467487663
20727607.764582306 3655926.315487663
20727607.774582304 3655926.163487663
20727607.784582306 3655926.011487663
20727607.794582307 3655925.859487663
20727607.804582305 3655925.707487663
20727607.814582307 3655925.555487663
20727607.824582305 3655925.403487663
20727607.834582306 3655925.251487663
20727607.844582304 3655925.099487663
20727607.854582306 3655924.947487663
20727607.864582304 3655924.795487663
20727607.874582306 3655924.643487663
20727607.884582307 3655924.491487663
20727607.894582305 3655924.339487663
20727607.904582307 3655924.187487663
20727607.914582305 3655924.035487663
20727607.924582306 3655923.883487663
20727607.934582304 3655923.731487663
20727607.944582306 3655923.579487663
20727607.954582307 3655923.427487663
20727607.964582305 3655923.275487663
20727607.974582307 3655923.123487663
20727607.984582305 3655922.971487663
20727607.994582307 3655922.819487663
20727608.004582305 3655922.667487663
20727608.014582306 3655922.515487663
20727608.024582304 3655922.363487663
20727608.034582306 3655922.211487663
20727608.044582307 3655922.059487663
20727608.054582305 3655921.907487663
20727608.064582307 3655921.755487663
20727608.074582305 3655921.603487663
20727608.084582306 3655921.451487663
20727608.094582304 3655921.299487663
20727608.104582306 3655921.147487663
20727608.114582304 3655920.995487663
20727608.124582306 3655920.843487663
20727608.134582307 3655920.691487663
20727608.144582305 3655920.539487663
20727608.154582307 3655920.387487663
20727608.164582305 3655920.235487663
20727608.174582306 3655920.083487663
20727608.184582304 3655919.931487663
20727608.194582306 3655919.779487663
20727608.204582307 3655919.627487663
20727608.214582305 3655919.475487663
20727608.224582307 3655919.323487663
20727608.234582305 3655919.171487663
20727608.244582307 3655919.019487663
20727608.254582305 3655918.867487663
20727608.264582306 3655918.715487663
20727608.274582304 3655918.563487663
20727608.284582306 3655918.411487663
20727608.294582307 3655918.259487663
20727608.304582305 3655918.107487663
20727608.314582307 3655917.955487663
20727608.324582305 3655917.803487663
20727608.334582306 3655917.651487663
20727608.344582304 3655917.499487663
20727608.354582306 3655917.347487663
20727608.364582304 3655917.195487663
20727608.374582306 3655917.043487663
20727608.384582307 3655916.891487663
20727608.394582305 3655916.739487663
20727608.404582307 3655916.587487663
20727608.414582305 3655916.435487663
20727608.424582306 3655916.283487663
20727608.434582304 3655916.131487663
20727608.444582306 3655915.979487663
20727608.454582307 3655915.827487663
20727608.464582305 3655915.675487663
20727608.474582307 3655915.523487663
20727608.484582305 3655915.371487663
20727608.494582307 3655915.219487663
20727608.504582305 3655915.067487663
20727608.514582306 3655914.915487663
20727608.524582304 3655914.763487663
20727608.534582306 3655914.611487663
20727608.544582307 3655914.459487663
20727608.554582305 3655914.307487663
20727608.564582307 3655914.155487663
20727608.574582305 3655914.003487663
20727608.584582306 3655913.851487663
20727608.594582304 3655913.699487663
20727608.604582306 3655913.547487663
20727608.614582304 3655913.395487663
20727608.624582306 3655913.243487663
20727608.634582307 3655913.091487663
20727608.644582305 3655912.939487663
20727608.654582307 3655912.787487663
20727608.664582305 3655912.635487663
20727608.674582306 3655912.483487663
20727608.684582304 3655912.331487663
20727608.694582306 3655912.179487663
20727608.704582307 3655912.027487663
20727608.714582305 3655911.875487663
20727608.724582307 3655911.723487663
20727608.734582305 3655911.571487663
20727608.744582307 3655911.419487663
20727608.754582305 3655911.267487663
20727608.764582306 3655911.115487663
20727608.774582304 3655910.963487663
20727608.784582306 3655910.811487663
20727608.794582307 3655910.659487663
20727608.804582305 3655910.507487663
20727608.814582307 3655910.355487663
20727608.824582305 3655910.203487663
20727608.834582306 3655910.051487663
20727608.844582304 3655909.899487663
20727608.854582306 3655909.747487663
20727608.864582304 3655909.595487663
20727608.874582306 3655909.443487663
20727608.884582307 3655909.291487663
20727608.894582305 3655909.139487663
20727608.904582307 3655908.987487663
20727608.914582305 3655908.835487663
20727608.924582306 3655908.683487663
20727608.934582304 3655908.531487663
20727608.944582306 3655908.379487663
20727608.954582307 3655908.227487663
20727608.964582305 3655908.075487663
20727608.974582307 3655907.923487663
20727608.984582305 3655907.771487663
20727608.994582307 3655907.619487663
20727609.004582305 3655907.467487663
20727609.014582306 3655907.315487663
20727609.024582304 3655907.163487663
20727609.034582306 3655907.011487663
20727609.044582307 3655906.859487663
20727609.054582305 3655906.707487663
20727609.064582307 3655906.555487663
20727609.074582305 3655906.403487663
20727609.084582306 3655906.251487663
20727609.094582304 3655906.099487663
20727609.104582306 3655905.947487663
20727609.114582304 3655905.795487663
20727609.124582306 3655905.643487663
20727609.134582307 3655905.491487663
20727609.144582305 3655905.339487663
20727609.154582307 3655905.187487663
20727609.164582305 3655905.035487663
20727609.174582306 3655904.883487663
20727609.184582304 3655904.731487663
20727609.194582306 3655904.579487663
20727609.204582307 3655904.427487663
20727609.214582305 3655904.275487663
20727609.224582307 3655904.123487663
20727609.234582305 3655903.971487663
20727609.244582307 3655903.819487663
20727609.254582305 3655903.667487663
20727609.264582306 3655903.515487663
20727609.274582304 3655903.363487663
20727609.284582306 3655903.211487663
20727609.294582307 3655903.059487663
20727609.304582305 3655902.907487663
20727609.314582307 3655902.755487663
20727609.324582305 3655902.603487663
20727609.334582306 3655902.451487663
20727609.344582304 3655902.299487663
20727609.354582306 3655902.147487663
20727609.364582304 3655901.995487663
20727609.374582306 3655901.843487663
20727609.384582307 3655901.691487663
20727609.394582305 3655901.539487663
20727609.404582307 3655901.387487663
20727609.414582305 3655901.235487663
20727609.424582306 3655901.083487663
20727609.434582304 3655900.931487663
20727609.444582306 3655900.779487663
20727609.454582307 3655900.627487663
20727609.464582305 3655900.475487663
20727609.474582307 3655900.323487663
20727609.484582305 3655900.171487663
20727609.494582307 3655900.019487663
20727609.504582305 3655899.867487663
20727609.514582306 3655899.715487663
20727609.524582304 3655899.563487663
20727609.534582306 3655899.411487663
20727609.544582307 3655899.259487663
20727609.554582305 3655899.107487663
20727609.564582307 3655898.955487663
20727609.574582305 3655898.803487663
20727609.584582306 3655898.651487663
20727609.594582304 3655898.499487663
20727609.604582306 3655898.347487663
20727609.614582304 3655898.195487663
20727609.624582306 3655898.043487663
20727609.634582307 3655897.891487663
20727609.644582305 3655897.739487663
20727609.654582307 3655897.587487663
20727609.664582305 3655897.435487663
20727609.674582306 3655897.283487663
20727609.684582304 3655897.131487663
20727609.694582306 3655896.979487663
20727609.704582307 3655896.827487663
20727609.714582305 3655896.675487663
20727609.724582307 3655896.523487663
20727609.734582305 3655896.371487663
20727609.744582307 3655896.219487663
20727609.754582305 3655896.067487663
20727609.764582306 3655895.915487663
20727609.774582304 3655895.763487663
20727609.784582306 3655895.611487663
20727609.794582307 3655895.459487663
20727609.804582305 3655895.307487663
20727609.814582307 3655895.155487663
20727609.824582305 3655895.003487663
20727609.834582306 3655894.851487663
20727609.844582304 3655894.699487663
20727609.854582306 3655894.547487663
20727609.864582304 3655894.395487663
20727609.874582306 3655894.243487663
20727609.884582307 3655894.091487663
20727609.894582305 3655893.939487663
20727609.904582307 3655893.787487663
20727609.914582305 3655893.635487663
20727609.924582306 3655893.483487663
20727609.934582304 3655893.331487663
20727609.944582306 3655893.179487663
20727609.954582307 3655893.027487663
20727609.964582305 3655892.875487663
20727609.974582307 3655892.723487663
20727609.984582305 3655892.571487663
20727609.994582307 3655892.419487663
20727610.004582305 3655892.267487663
20727610.014582306 3655892.115487663
20727610.024582304 3655891.963487663
20727610.034582306 3655891.811487663
20727610.044582307 3655891.659487663
20727610.054582305 3655891.507487663
20727610.064582307 3655891.355487663
20727610.074582305 3655891.203487663
20727610.084582306 3655891.051487663
20727610.094582304 3655890.899487663
20727610.104582306 3655890.747487663
20727610.114582304 3655890.595487663
20727610.124582306 3655890.443487663
20727610.134582307 3655890.291487663
20727610.144582305 3655890.139487663
20727610.154582307 3655889.987487663
20727610.164582305 3655889.835487663
20727610.174582306 3655889.683487663
20727610.184582304 3655889.531487663
20727610.194582306 3655889.379487663
20727610.204582307 3655889.227487663
20727610.214582305 3655889.075487663
20727610.224582307 3655888.923487663
20727610.234582305 3655888.771487663
20727610.244582307 3655888.619487663
20727610.254582305 3655888.467487663
20727610.264582306 3655888.315487663
20727610.274582304 3655888.163487663
20727610.284582306 3655888.011487663
20727610.294582307 3655887.859487663
20727610.304582305 3655887.707487663
20727610.314582307 3655887.555487663
20727610.324582305 3655887.403487663
20727610.334582306 3655887.251487663
20727610.344582304 3655887.099487663
20727610.354582306 3655886.947487663
20727610.364582304 3655886.795487663
20727610.374582306 3655886.643487663
20727610.384582307 3655886.491487663
20727610.394582305 3655886.339487663
20727610.404582307 3655886.187487663
20727610.414582305 3655886.035487663
20727610.424582306 3655885.883487663
20727610.434582304 3655885.731487663
20727610.444582306 3655885.579487663
20727610.454582307 3655885.427487663
20727610.464582305 3655885.275487663
20727610.474582307 3655885.123487663
20727610.484582305 3655884.971487663
20727610.494582307 3655884.819487663
20727610.504582305 3655884.667487663
20727610.514582306 3655884.515487663
20727610.524582304 3655884.363487663
20727610.534582306 3655884.211487663
20727610.544582307 3655884.059487663
20727610.554582305 3655883.907487663
20727610.564582307 3655883.755487663
20727610.574582305 3655883.603487663
20727610.584582306 3655883.451487663
20727610.594582304 3655883.299487663
20727610.604582306 3655883.147487663
20727610.614582304 3655882.995487663
20727610.624582306 3655882.843487663
20727610.634582307 3655882.691487663
20727610.644582305 3655882.539487663
20727610.654582307 3655882.387487663
20727610.664582305 3655882.235487663
20727610.674582306 3655882.083487663
20727610.684582304 3655881.931487663
20727610.694582306 3655881.779487663
20727610.704582307 3655881.627487663
20727610.714582305 3655881.475487663
20727610.724582307 3655881.323487663
20727610.734582305 3655881.171487663
20727610.744582307 3655881.019487663
20727610.754582305 3655880.867487663
20727610.764582306 3655880.715487663
20727610.774582304 3655880.563487663
20727610.784582306 3655880.411487663
20727610.794582307 3655880.259487663
20727610.804582305 3655880.107487663
20727610.814582307 3655879.955487663
20727610.824582305 3655879.803487663
20727610.834582306 3655879.651487663
20727610.844582304 3655879.499487663
20727610.854582306 3655879.347487663
20727610.864582304 3655879.195487663
20727610.874582306 3655879.043487663
20727610.884582307 3655878.891487663
20727610.894582305 3655878.739487663
20727610.904582307 3655878.587487663
20727610.914582305 3655878.435487663
20727610.924582306 3655878.283487663
20727610.934582304 3655878.131487663
20727610.944582306 3655877.979487663
20727610.954582307 3655877.827487663
20727610.964582305 3655877.675487663
20727610.974582307 3655877.523487663
20727610.984582305 3655877.371487663
20727610.994582307 3655877.219487663
20727611.004582305 3655877.067487663
20727611.014582306 3655876.915487663
20727611.024582304 3655876.763487663
20727611.034582306 3655876.611487663
20727611.044582307 3655876.459487663
20727611.054582305 3655876.307487663
20727611.064582307 3655876.155487663
20727611.074582305 3655876.003487663
20727611.084582306 3655875.851487663
20727611.094582304 3655875.699487663
20727611.104582306 3655875.547487663
20727611.114582304 3655875.395487663
20727611.124582306 3655875.243487663
20727611.134582307 3655875.091487663
20727611.144582305 3655874.939487663
20727611.154582307 3655874.787487663
20727611.164582305 3655874.635487663
20727611.174582306 3655874.483487663
20727611.184582304 3655874.331487663
20727611.194582306 3655874.179487663
20727611.204582307 3655874.027487663
20727611.214582305 3655873.875487663
20727611.224582307 3655873.723487663
20727611.234582305 3655873.571487663
20727611.244582307 3655873.419487663
20727611.254582305 3655873.267487663
20727611.264582306 3655873.115487663
20727611.274582304 3655872.963487663
20727611.284582306 3655872.811487663
20727611.294582307 3655872.659487663
20727611.304582305 3655872.507487663
20727611.314582307 3655872.355487663
20727611.324582305 3655872.203487663
20727611.334582306 3655872.051487663
20727611.344582304 3655871.899487663
20727611.354582306 3655871.747487663
20727611.364582304 3655871.595487663
20727611.374582306 3655871.443487663
20727611.384582307 3655871.291487663
20727611.394582305 3655871.139487663
20727611.404582307 3655870.987487663
20727611.414582305 3655870.835487663
20727611.424582306 3655870.683487663
20727611.434582304 3655870.531487663
20727611.444582306 3655870.379487663
20727611.454582307 3655870.227487663
20727611.464582305 3655870.075487663
20727611.474582307 3655869.923487663
20727611.484582305 3655869.771487663
20727611.494582307 3655869.619487663
20727611.504582305 3655869.467487663
20727611.514582306 3655869.315487663
20727611.524582304 3655869.163487663
20727611.534582306 3655869.011487663
20727611.544582307 3655868.859487663
20727611.554582305 3655868.707487663
20727611.564582307 3655868.555487663
20727611.574582305 3655868.403487663
20727611.584582306 3655868.251487663
20727611.594582304 3655868.099487663
20727611.604582306 3655867.947487663
20727611.614582304 3655867.795487663
20727611.624582306 3655867.643487663
20727611.634582307 3655867.491487663
20727611.644582305 3655867.339487663
20727611.654582307 3655867.187487663
20727611.664582305 3655867.035487663
20727611.674582306 3655866.883487663
20727611.684582304 3655866.731487663
20727611.694582306 3655866.579487663
20727611.704582307 3655866.427487663
20727611.714582305 3655866.275487663
20727611.724582307 3655866.123487663
20727611.734582305 3655865.971487663
20727611.744582307 3655865.819487663
20727611.754582305 3655865.667487663
20727611.764582306 3655865.515487663
20727611.774582304 3655865.363487663
20727611.784582306 3655865.211487663
20727611.794582307 3655865.059487663
20727611.804582305 3655864.907487663
20727611.814582307 3655864.755487663
20727611.824582305 3655864.603487663
20727611.834582306 3655864.451487663
20727611.844582304 3655864.299487663
20727611.854582306 3655864.147487663
20727611.864582304 3655863.995487663
20727611.874582306 3655863.843487663
20727611.884582307 3655863.691487663
20727611.894582305 3655863.539487663
20727611.904582307 3655863.387487663
20727611.914582305 3655863.235487663
20727611.924582306 3655863.083487663
20727611.934582304 3655862.931487663
20727611.944582306 3655862.779487663
20727611.954582307 3655862.627487663
20727611.964582305 3655862.475487663
20727611.974582307 3655862.323487663
20727611.984582305 3655862.171487663
20727611.994582307 3655862.019487663
20727612.004582305 3655861.867487663
20727612.014582306 3655861.715487663
20727612.024582304 3655861.563487663
20727612.034582306 3655861.411487663
20727612.044582307 3655861.259487663
20727612.054582305 3655861.107487663
20727612.064582307 3655860.955487663
20727612.074582305 3655860.803487663
20727612.084582306 3655860.651487663
20727612.094582304 3655860.499487663
20727612.104582306 3655860.347487663
20727612.114582304 3655860.195487663
20727612.124582306 3655860.043487663
20727612.134582307 3655859.891487663
20727612.144582305 3655859.739487663
20727612.154582307 3655859.587487663
20727612.164582305 3655859.435487663
20727612.174582306 3655859.283487663
20727612.184582304 3655859.131487663
20727612.194582306 3655858.979487663
20727612.204582307 3655858.827487663
20727612.214582305 3655858.675487663
20727612.224582307 3655858.523487663
20727612.234582305 3655858.371487663
20727612.244582307 3655858.219487663
20727612.254582305 3655858.067487663
20727612.264582306 3655857.915487663
20727612.274582304 3655857.763487663
20727612.284582306 3655857.611487663
20727612.294582307 3655857.459487663
20727612.304582305 3655857.307487663
20727612.314582307 3655857.155487663
20727612.324582305 3655857.003487663
20727612.334582306 3655856.851487663
20727612.344582304 3655856.699487663
20727612.354582306 3655856.547487663
20727612.364582304 3655856.395487663
20727612.374582306 3655856.243487663
20727612.384582307 3655856.091487663
20727612.394582305 3655855.939487663
20727612.404582307 3655855.787487663
20727612.414582305 3655855.635487663
20727612.424582306 3655855.483487663
20727612.434582304 3655855.331487663
20727612.444582306 3655855.179487663
20727612.454582307 3655855.027487663
20727612.464582305 3655854.875487663
20727612.474582307 3655854.723487663
20727612.484582305 3655854.571487663
20727612.494582307 3655854.419487663
20727612.504582305 3655854.267487663
20727612.514582306 3655854.115487663
20727612.524582304 3655853.963487663
20727612.534582306 3655853.811487663
20727612.544582307 3655853.659487663
20727612.554582305 3655853.507487663
20727612.564582307 3655853.355487663
20727612.574582305 3655853.203487663
20727612.584582306 3655853.051487663
20727612.594582304 3655852.899487663
20727612.604582306 3655852.747487663
20727612.614582304 3655852.595487663
20727612.624582306 3655852.443487663
20727612.634582307 3655852.291487663
20727612.644582305 3655852.139487663
20727612.654582307 3655851.987487663
20727612.664582305 3655851.835487663
20727612.674582306 3655851.683487663
20727612.684582304 3655851.531487663
20727612.694582306 3655851.379487663
20727612.704582307 3655851.227487663
20727612.714582305 3655851.075487663
20727612.724582307 3655850.923487663
20727612.734582305 3655850.771487663
20727612.744582307 3655850.619487663
20727612.754582305 3655850.467487663
20727612.764582306 3655850.315487663
20727612.774582304 3655850.163487663
20727612.784582306 3655850.011487663
20727612.794582307 3655849.859487663
20727612.804582305 3655849.707487663
20727612.814582307 3655849.555487663
20727612.824582305 3655849.403487663
20727612.834582306 3655849.251487663
20727612.844582304 3655849.099487663
20727612.854582306 3655848.947487663
20727612.864582304 3655848.795487663
20727612.874582306 3655848.643487663
20727612.884582307 3655848.491487663
20727612.894582305 3655848.339487663
20727612.904582307 3655848.187487663
20727612.914582305 3655848.035487663
20727612.924582306 3655847.883487663
20727612.934582304 3655847.731487663
20727612.944582306 3655847.579487663
20727612.954582307 3655847.427487663
20727612.964582305 3655847.275487663
20727612.974582307 3655847.123487663
20727612.984582305 3655846.971487663
20727612.994582307 3655846.819487663
20727613.004582305 3655846.667487663
20727613.014582306 3655846.515487663
20727613.024582304 3655846.363487663
20727613.034582306 3655846.211487663
20727613.044582307 3655846.059487663
20727613.054582305 3655845.907487663
20727613.064582307 3655845.755487663
20727613.074582305 3655845.603487663
20727613.084582306 3655845.451487663
20727613.094582304 3655845.299487663
20727613.104582306 3655845.147487663
20727613.114582304 3655844.995487663
20727613.124582306 3655844.843487663
20727613.134582307 3655844.691487663
20727613.144582305 3655844.539487663
20727613.154582307 3655844.387487663
20727613.164582305 3655844.235487663
20727613.174582306 3655844.083487663
20727613.184582304 3655843.931487663
20727613.194582306 3655843.779487663
20727613.204582307 3655843.627487663
20727613.214582305 3655843.475487663
20727613.224582307 3655843.323487663
20727613.234582305 3655843.171487663
20727613.244582307 3655843.019487663
20727613.254582305 3655842.867487663
20727613.264582306 3655842.715487663
20727613.274582304 3655842.563487663
20727613.284582306 3655842.411487663
20727613.294582307 3655842.259487663
20727613.304582305 3655842.107487663
20727613.314582307 3655841.955487663
20727613.324582305 3655841.803487663
20727613.334582306 3655841.651487663
20727613.344582304 3655841.499487663
20727613.354582306 3655841.347487663
20727613.364582304 3655841.195487663
20727613.374582306 3655841.043487663
20727613.384582307 3655840.891487663
20727613.394582305 3655840.739487663
20727613.404582307 3655840.587487663
20727613.414582305 3655840.435487663
20727613.424582306 3655840.283487663
20727613.434582304 3655840.131487663
20727613.444582306 3655839.979487663
20727613.454582307 3655839.827487663
20727613.464582305 3655839.675487663
20727613.474582307 3655839.523487663
20727613.484582305 3655839.371487663
20727613.494582307 3655839.219487663
20727613.504582305 3655839.067487663
20727613.514582306 3655838.915487663
20727613.524582304 3655838.763487663
20727613.534582306 3655838.611487663
20727613.544582307 3655838.459487663
20727613.554582305 3655838.307487663
20727613.564582307 3655838.155487663
20727613.574582305 3655838.003487663
20727613.584582306 3655837.851487663
20727613.594582304 3655837.699487663
20727613.604582306 3655837.547487663
20727613.614582304 3655837.395487663
20727613.624582306 3655837.243487663
20727613.634582307 3655837.091487663
20727613.644582305 3655836.939487663
20727613.654582307 3655836.787487663
20727613.664582305 3655836.635487663
20727613.674582306 3655836.483487663
20727613.684582304 3655836.331487663
20727613.694582306 3655836.179487663
20727613.704582307 3655836.027487663
20727613.714582305 3655835.875487663
20727613.724582307 3655835.723487663
20727613.734582305 3655835.571487663
20727613.744582307 3655835.419487663
20727613.754582305 3655835.267487663
20727613.764582306 3655835.115487663
20727613.774582304 3655834.963487663
20727613.784582306 3655834.811487663
20727613.794582307 3655834.659487663
20727613.804582305 3655834.507487663
20727613.814582307 3655834.355487663
20727613.824582305 3655834.203487663
20727613.834582306 3655834.051487663
20727613.844582304 3655833.899487663
20727613.854582306 3655833.747487663
20727613.864582304 3655833.595487663
20727613.874582306 3655833.443487663
20727613.884582307 3655833.291487663
20727613.894582305 3655833.139487663
20727613.904582307 3655832.987487663
20727613.914582305 3655832.835487663
20727613.924582306 3655832.683487663
20727613.934582304 3655832.531487663
20727613.944582306 3655832.379487663
20727613.954582307 3655832.227487663
20727613.964582305 3655832.075487663
20727613.974582307 3655831.923487663
20727613.984582305 3655831.771487663
20727613.994582307 3655831.619487663
20727614.004582305 3655831.467487663
20727614.014582306 3655831.315487663
20727614.024582304 3655831.163487663
20727614.034582306 3655831.011487663
20727614.044582307 3655830.859487663
20727614.054582305 3655830.707487663
20727614.064582307 3655830.555487663
20727614.074582305 3655830.403487663
20727614.084582306 3655830.251487663
20727614.094582304 3655830.099487663
20727614.104582306 3655829.947487663
20727614.114582304 3655829.795487663
20727614.124582306 3655829.643487663
20727614.134582307 3655829.491487663
20727614.144582305 3655829.339487663
20727614.154582307 3655829.187487663
20727614.164582305 3655829.035487663
20727614.174582306 3655828.883487663
20727614.184582304 3655828.731487663
20727614.194582306 3655828.579487663
20727614.204582307 3655828.427487663
20727614.214582305 3655828.275487663
20727614.224582307 3655828.123487663
20727614.234582305 3655827.971487663
20727614.244582307 3655827.819487663
20727614.254582305 3655827.667487663
20727614.264582306 3655827.515487663
20727614.274582304 3655827.363487663
20727614.284582306 3655827.211487663
20727614.294582307 3655827.059487663
20727614.304582305 3655826.907487663
20727614.314582307 3655826.755487663
20727614.324582305 3655826.603487663
20727614.334582306 3655826.451487663
20727614.344582304 3655826.299487663
20727614.354582306 3655826.147487663
20727614.364582304 3655825.995487663
20727614.374582306 3655825.843487663
20727614.384582307 3655825.691487663
20727614.394582305 3655825.539487663
20727614.404582307 3655825.387487663
20727614.414582305 3655825.235487663
20727614.424582306 3655825.083487663
20727614.434582304 3655824.931487663
20727614.444582306 3655824.779487663
20727614.454582307 3655824.627487663
20727614.464582305 3655824.475487663
20727614.474582307 3655824.323487663
20727614.484582305 3655824.171487663
20727614.494582307 3655824.019487663
20727614.504582305 3655823.867487663
20727614.514582306 3655823.715487663
20727614.524582304 3655823.563487663
20727614.534582306 3655823.411487663
20727614.544582307 3655823.259487663
20727614.554582305 3655823.107487663
20727614.564582307 3655822.955487663
20727614.574582305 3655822.803487663
20727614.584582306 3655822.651487663
20727614.594582304 3655822.499487663
20727614.604582306 3655822.347487663
20727614.614582304 3655822.195487663
20727614.624582306 3655822.043487663
20727614.634582307 3655821.891487663
20727614.644582305 3655821.739487663
20727614.654582307 3655821.587487663
20727614.664582305 3655821.435487663
20727614.674582306 3655821.283487663
20727614.684582304 3655821.131487663
20727614.694582306 3655820.979487663
20727614.704582307 3655820.827487663
20727614.714582305 3655820.675487663
20727614.724582307 3655820.523487663
20727614.734582305 3655820.371487663
20727614.744582307 3655820.219487663
20727614.754582305 3655820.067487663
20727614.764582306 3655819.915487663
20727614.774582304 3655819.763487663
20727614.784582306 3655819.611487663
