20727610.884582307 3655819.332052663
20727610.874582306 3655819.484052663
20727610.864582308 3655819.636052663
20727610.854582306 3655819.788052663
20727610.844582308 3655819.940052663
20727610.834582306 3655820.092052663
20727610.824582309 3655820.244052663
20727610.814582307 3655820.396052663
20727610.804582309 3655820.548052663
20727610.794582307 3655820.700052663
20727610.784582306 3655820.852052663
20727610.774582308 3655821.004052663
20727610.764582306 3655821.156052663
20727610.754582308 3655821.308052663
20727610.744582307 3655821.460052663
20727610.734582309 3655821.612052663
20727610.724582307 3655821.764052663
20727610.714582305 3655821.916052663
20727610.704582307 3655822.068052663
20727610.694582306 3655822.220052663
20727610.684582308 3655822.372052663
20727610.674582306 3655822.524052663
20727610.664582308 3655822.676052663
20727610.654582307 3655822.828052663
20727610.644582309 3655822.980052663
20727610.634582307 3655823.132052663
20727610.624582306 3655823.284052663
20727610.614582308 3655823.436052663
20727610.604582306 3655823.588052663
20727610.594582308 3655823.740052663
20727610.584582306 3655823.892052663
20727610.574582309 3655824.044052663
20727610.564582307 3655824.196052663
20727610.554582309 3655824.348052663
20727610.544582307 3655824.500052663
20727610.534582306 3655824.652052663
20727610.524582308 3655824.804052663
20727610.514582306 3655824.956052663
20727610.504582308 3655825.108052663
20727610.494582307 3655825.260052663
20727610.484582309 3655825.412052663
20727610.474582307 3655825.564052663
20727610.464582305 3655825.716052663
20727610.454582307 3655825.868052663
20727610.444582306 3655826.020052663
20727610.434582308 3655826.172052663
20727610.424582306 3655826.324052663
20727610.414582308 3655826.476052663
20727610.404582307 3655826.628052663
20727610.394582309 3655826.780052663
20727610.384582307 3655826.932052663
20727610.374582306 3655827.084052663
20727610.364582308 3655827.236052663
20727610.354582306 3655827.388052663
20727610.344582308 3655827.540052663
20727610.334582306 3655827.692052663
20727610.324582309 3655827.844052663
20727610.314582307 3655827.996052663
20727610.304582309 3655828.148052663
20727610.294582307 3655828.300052663
20727610.284582306 3655828.452052663
20727610.274582308 3655828.604052663
20727610.264582306 3655828.756052663
20727610.254582308 3655828.908052663
20727610.244582307 3655829.060052663
20727610.234582309 3655829.212052663
20727610.224582307 3655829.364052663
20727610.214582305 3655829.516052663
20727610.204582307 3655829.668052663
20727610.194582306 3655829.820052663
20727610.184582308 3655829.972052663
20727610.174582306 3655830.124052663
20727610.164582308 3655830.276052663
20727610.154582307 3655830.428052663
20727610.144582309 3655830.580052663
20727610.134582307 3655830.732052663
20727610.124582306 3655830.884052663
20727610.114582308 3655831.036052663
20727610.104582306 3655831.188052663
20727610.094582308 3655831.340052663
20727610.084582306 3655831.492052663
20727610.074582309 3655831.644052663
20727610.064582307 3655831.796052663
20727610.054582309 3655831.948052663
20727610.044582307 3655832.100052663
20727610.034582306 3655832.252052663
20727610.024582308 3655832.404052663
20727610.014582306 3655832.556052663
20727610.004582308 3655832.708052663
20727609.994582307 3655832.860052663
20727609.984582309 3655833.012052663
20727609.974582307 3655833.164052663
20727609.964582305 3655833.316052663
20727609.954582307 3655833.468052663
20727609.944582306 3655833.620052663
20727609.934582308 3655833.772052663
20727609.924582306 3655833.924052663
20727609.914582308 3655834.076052663
20727609.904582307 3655834.228052663
20727609.894582309 3655834.380052663
20727609.884582307 3655834.532052663
20727609.874582306 3655834.684052663
20727609.864582308 3655834.836052663
20727609.854582306 3655834.988052663
20727609.844582308 3655835.140052663
20727609.834582306 3655835.292052663
20727609.824582309 3655835.444052663
20727609.814582307 3655835.596052663
20727609.804582309 3655835.748052663
20727609.794582307 3655835.900052663
20727609.784582306 3655836.052052663
20727609.774582308 3655836.204052663
20727609.764582306 3655836.356052663
20727609.754582308 3655836.508052663
20727609.744582307 3655836.660052663
20727609.734582309 3655836.812052663
20727609.724582307 3655836.964052663
20727609.714582305 3655837.116052663
20727609.704582307 3655837.268052663
20727609.694582306 3655837.420052663
20727609.684582308 3655837.572052663
20727609.674582306 3655837.724052663
20727609.664582308 3655837.876052663
20727609.654582307 3655838.028052663
20727609.644582309 3655838.180052663
20727609.634582307 3655838.332052663
20727609.624582306 3655838.484052663
20727609.614582308 3655838.636052663
20727609.604582306 3655838.788052663
20727609.594582308 3655838.940052663
20727609.584582306 3655839.092052663
20727609.574582309 3655839.244052663
20727609.564582307 3655839.396052663
20727609.554582309 3655839.548052663
20727609.544582307 3655839.700052663
20727609.534582306 3655839.852052663
20727609.524582308 3655840.004052663
20727609.514582306 3655840.156052663
20727609.504582308 3655840.308052663
20727609.494582307 3655840.460052663
20727609.484582309 3655840.612052663
20727609.474582307 3655840.764052663
20727609.464582305 3655840.916052663
20727609.454582307 3655841.068052663
20727609.444582306 3655841.220052663
20727609.434582308 3655841.372052663
20727609.424582306 3655841.524052663
20727609.414582308 3655841.676052663
20727609.404582307 3655841.828052663
20727609.394582309 3655841.980052663
20727609.384582307 3655842.132052663
20727609.374582306 3655842.284052663
20727609.364582308 3655842.436052663
20727609.354582306 3655842.588052663
20727609.344582308 3655842.740052663
20727609.334582306 3655842.892052663
20727609.324582309 3655843.044052663
20727609.314582307 3655843.196052663
20727609.304582309 3655843.348052663
20727609.294582307 3655843.500052663
20727609.284582306 3655843.652052663
20727609.274582308 3655843.804052663
20727609.264582306 3655843.956052663
20727609.254582308 3655844.108052663
20727609.244582307 3655844.260052663
20727609.234582309 3655844.412052663
20727609.224582307 3655844.564052663
20727609.214582305 3655844.716052663
20727609.204582307 3655844.868052663
20727609.194582306 3655845.020052663
20727609.184582308 3655845.172052663
20727609.174582306 3655845.324052663
20727609.164582308 3655845.476052663
20727609.154582307 3655845.628052663
20727609.144582309 3655845.780052663
20727609.134582307 3655845.932052663
20727609.124582306 3655846.084052663
20727609.114582308 3655846.236052663
20727609.104582306 3655846.388052663
20727609.094582308 3655846.540052663
20727609.084582306 3655846.692052663
20727609.074582309 3655846.844052663
20727609.064582307 3655846.996052663
20727609.054582309 3655847.148052663
20727609.044582307 3655847.300052663
20727609.034582306 3655847.452052663
20727609.024582308 3655847.604052663
20727609.014582306 3655847.756052663
20727609.004582308 3655847.908052663
20727608.994582307 3655848.060052663
20727608.984582309 3655848.212052663
20727608.974582307 3655848.364052663
20727608.964582305 3655848.516052663
20727608.954582307 3655848.668052663
20727608.944582306 3655848.820052663
20727608.934582308 3655848.972052663
20727608.924582306 3655849.124052663
20727608.914582308 3655849.276052663
20727608.904582307 3655849.428052663
20727608.894582309 3655849.580052663
20727608.884582307 3655849.732052663
20727608.874582306 3655849.884052663
20727608.864582308 3655850.036052663
20727608.854582306 3655850.188052663
20727608.844582308 3655850.340052663
20727608.834582306 3655850.492052663
20727608.824582309 3655850.644052663
20727608.814582307 3655850.796052663
20727608.804582309 3655850.948052663
20727608.794582307 3655851.100052663
20727608.784582306 3655851.252052663
20727608.774582308 3655851.404052663
20727608.764582306 3655851.556052663
20727608.754582308 3655851.708052663
20727608.744582307 3655851.860052663
20727608.734582309 3655852.012052663
20727608.724582307 3655852.164052663
20727608.714582305 3655852.316052663
20727608.704582307 3655852.468052663
20727608.694582306 3655852.620052663
20727608.684582308 3655852.772052663
20727608.674582306 3655852.924052663
20727608.664582308 3655853.076052663
20727608.654582307 3655853.228052663
20727608.644582309 3655853.380052663
20727608.634582307 3655853.532052663
20727608.624582306 3655853.684052663
20727608.614582308 3655853.836052663
20727608.604582306 3655853.988052663
20727608.594582308 3655854.140052663
20727608.584582306 3655854.292052663
20727608.574582309 3655854.444052663
20727608.564582307 3655854.596052663
20727608.554582309 3655854.748052663
20727608.544582307 3655854.900052663
20727608.534582306 3655855.052052663
20727608.524582308 3655855.204052663
20727608.514582306 3655855.356052663
20727608.504582308 3655855.508052663
20727608.494582307 3655855.660052663
20727608.484582309 3655855.812052663
20727608.474582307 3655855.964052663
20727608.464582305 3655856.116052663
20727608.454582307 3655856.268052663
20727608.444582306 3655856.420052663
20727608.434582308 3655856.572052663
20727608.424582306 3655856.724052663
20727608.414582308 3655856.876052663
20727608.404582307 3655857.028052663
20727608.394582309 3655857.180052663
20727608.384582307 3655857.332052663
20727608.374582306 3655857.484052663
20727608.364582308 3655857.636052663
20727608.354582306 3655857.788052663
20727608.344582308 3655857.940052663
20727608.334582306 3655858.092052663
20727608.324582309 3655858.244052663
20727608.314582307 3655858.396052663
20727608.304582309 3655858.548052663
20727608.294582307 3655858.700052663
20727608.284582306 3655858.852052663
20727608.274582308 3655859.004052663
20727608.264582306 3655859.156052663
20727608.254582308 3655859.308052663
20727608.244582307 3655859.460052663
20727608.234582309 3655859.612052663
20727608.224582307 3655859.764052663
20727608.214582305 3655859.916052663
20727608.204582307 3655860.068052663
20727608.194582306 3655860.220052663
20727608.184582308 3655860.372052663
20727608.174582306 3655860.524052663
20727608.164582308 3655860.676052663
20727608.154582307 3655860.828052663
20727608.144582309 3655860.980052663
20727608.134582307 3655861.132052663
20727608.124582306 3655861.284052663
20727608.114582308 3655861.436052663
20727608.104582306 3655861.588052663
20727608.094582308 3655861.740052663
20727608.084582306 3655861.892052663
20727608.074582309 3655862.044052663
20727608.064582307 3655862.196052663
20727608.054582309 3655862.348052663
20727608.044582307 3655862.500052663
20727608.034582306 3655862.652052663
20727608.024582308 3655862.804052663
20727608.014582306 3655862.956052663
20727608.004582308 3655863.108052663
20727607.994582307 3655863.260052663
20727607.984582309 3655863.412052663
20727607.974582307 3655863.564052663
20727607.964582305 3655863.716052663
20727607.954582307 3655863.868052663
20727607.944582306 3655864.020052663
20727607.934582308 3655864.172052663
20727607.924582306 3655864.324052663
20727607.914582308 3655864.476052663
20727607.904582307 3655864.628052663
20727607.894582309 3655864.780052663
20727607.884582307 3655864.932052663
20727607.874582306 3655865.084052663
20727607.864582308 3655865.236052663
20727607.854582306 3655865.388052663
20727607.844582308 3655865.540052663
20727607.834582306 3655865.692052663
20727607.824582309 3655865.844052663
20727607.814582307 3655865.996052663
20727607.804582309 3655866.148052663
20727607.794582307 3655866.300052663
20727607.784582306 3655866.452052663
20727607.774582308 3655866.604052663
20727607.764582306 3655866.756052663
20727607.754582308 3655866.908052663
20727607.744582307 3655867.060052663
20727607.734582309 3655867.212052663
20727607.724582307 3655867.364052663
20727607.714582305 3655867.516052663
20727607.704582307 3655867.668052663
20727607.694582306 3655867.820052663
20727607.684582308 3655867.972052663
20727607.674582306 3655868.124052663
20727607.664582308 3655868.276052663
20727607.654582307 3655868.428052663
20727607.644582309 3655868.580052663
20727607.634582307 3655868.732052663
20727607.624582306 3655868.884052663
20727607.614582308 3655869.036052663
20727607.604582306 3655869.188052663
20727607.594582308 3655869.340052663
20727607.584582306 3655869.492052663
20727607.574582309 3655869.644052663
20727607.564582307 3655869.796052663
20727607.554582309 3655869.948052663
20727607.544582307 3655870.100052663
20727607.534582306 3655870.252052663
20727607.524582308 3655870.404052663
20727607.514582306 3655870.556052663
20727607.504582308 3655870.708052663
20727607.494582307 3655870.860052663
20727607.484582309 3655871.012052663
20727607.474582307 3655871.164052663
20727607.464582305 3655871.316052663
20727607.454582307 3655871.468052663
20727607.444582306 3655871.620052663
20727607.434582308 3655871.772052663
20727607.424582306 3655871.924052663
20727607.414582308 3655872.076052663
20727607.404582307 3655872.228052663
20727607.394582309 3655872.380052663
20727607.384582307 3655872.532052663
20727607.374582306 3655872.684052663
20727607.364582308 3655872.836052663
20727607.354582306 3655872.988052663
20727607.344582308 3655873.140052663
20727607.334582306 3655873.292052663
20727607.324582309 3655873.444052663
20727607.314582307 3655873.596052663
20727607.304582309 3655873.748052663
20727607.294582307 3655873.900052663
20727607.284582306 3655874.052052663
20727607.274582308 3655874.204052663
20727607.264582306 3655874.356052663
20727607.254582308 3655874.508052663
20727607.244582307 3655874.660052663
20727607.234582309 3655874.812052663
20727607.224582307 3655874.964052663
20727607.214582305 3655875.116052663
20727607.204582307 3655875.268052663
20727607.194582306 3655875.420052663
20727607.184582308 3655875.572052663
20727607.174582306 3655875.724052663
20727607.164582308 3655875.876052663
20727607.154582307 3655876.028052663
20727607.144582309 3655876.180052663
20727607.134582307 3655876.332052663
20727607.124582306 3655876.484052663
20727607.114582308 3655876.636052663
20727607.104582306 3655876.788052663
20727607.094582308 3655876.940052663
20727607.084582306 3655877.092052663
20727607.074582309 3655877.244052663
20727607.064582307 3655877.396052663
20727607.054582309 3655877.548052663
20727607.044582307 3655877.700052663
20727607.034582306 3655877.852052663
20727607.024582308 3655878.004052663
20727607.014582306 3655878.156052663
20727607.004582308 3655878.308052663
20727606.994582307 3655878.460052663
20727606.984582309 3655878.612052663
20727606.974582307 3655878.764052663
20727606.964582305 3655878.916052663
20727606.954582307 3655879.068052663
20727606.944582306 3655879.220052663
20727606.934582308 3655879.372052663
20727606.924582306 3655879.524052663
20727606.914582308 3655879.676052663
20727606.904582307 3655879.828052663
20727606.894582309 3655879.980052663
20727606.884582307 3655880.132052663
20727606.874582306 3655880.284052663
20727606.864582308 3655880.436052663
20727606.854582306 3655880.588052663
20727606.844582308 3655880.740052663
20727606.834582306 3655880.892052663
20727606.824582309 3655881.044052663
20727606.814582307 3655881.196052663
20727606.804582309 3655881.348052663
20727606.794582307 3655881.500052663
20727606.784582306 3655881.652052663
20727606.774582308 3655881.804052663
20727606.764582306 3655881.956052663
20727606.754582308 3655882.108052663
20727606.744582307 3655882.260052663
20727606.734582309 3655882.412052663
20727606.724582307 3655882.564052663
20727606.714582305 3655882.716052663
20727606.704582307 3655882.868052663
20727606.694582306 3655883.020052663
20727606.684582308 3655883.172052663
20727606.674582306 3655883.324052663
20727606.664582308 3655883.476052663
20727606.654582307 3655883.628052663
20727606.644582309 3655883.780052663
20727606.634582307 3655883.932052663
20727606.624582306 3655884.084052663
20727606.614582308 3655884.236052663
20727606.604582306 3655884.388052663
20727606.594582308 3655884.540052663
20727606.584582306 3655884.692052663
20727606.574582309 3655884.844052663
20727606.564582307 3655884.996052663
20727606.554582309 3655885.148052663
20727606.544582307 3655885.300052663
20727606.534582306 3655885.452052663
20727606.524582308 3655885.604052663
20727606.514582306 3655885.756052663
20727606.504582308 3655885.908052663
20727606.494582307 3655886.060052663
20727606.484582309 3655886.212052663
20727606.474582307 3655886.364052663
20727606.464582305 3655886.516052663
20727606.454582307 3655886.668052663
20727606.444582306 3655886.820052663
20727606.434582308 3655886.972052663
20727606.424582306 3655887.124052663
20727606.414582308 3655887.276052663
20727606.404582307 3655887.428052663
20727606.394582309 3655887.580052663
20727606.384582307 3655887.732052663
20727606.374582306 3655887.884052663
20727606.364582308 3655888.036052663
20727606.354582306 3655888.188052663
20727606.344582308 3655888.340052663
20727606.334582306 3655888.492052663
20727606.324582309 3655888.644052663
20727606.314582307 3655888.796052663
20727606.304582309 3655888.948052663
20727606.294582307 3655889.100052663
20727606.284582306 3655889.252052663
20727606.274582308 3655889.404052663
20727606.264582306 3655889.556052663
20727606.254582308 3655889.708052663
20727606.244582307 3655889.860052663
20727606.234582309 3655890.012052663
20727606.224582307 3655890.164052663
20727606.214582305 3655890.316052663
20727606.204582307 3655890.468052663
20727606.194582306 3655890.620052663
20727606.184582308 3655890.772052663
20727606.174582306 3655890.924052663
20727606.164582308 3655891.076052663
20727606.154582307 3655891.228052663
20727606.144582309 3655891.380052663
20727606.134582307 3655891.532052663
20727606.124582306 3655891.684052663
20727606.114582308 3655891.836052663
20727606.104582306 3655891.988052663
20727606.094582308 3655892.140052663
20727606.084582306 3655892.292052663
20727606.074582309 3655892.444052663
20727606.064582307 3655892.596052663
20727606.054582309 3655892.748052663
20727606.044582307 3655892.900052663
20727606.034582306 3655893.052052663
20727606.024582308 3655893.204052663
20727606.014582306 3655893.356052663
20727606.004582308 3655893.508052663
20727605.994582307 3655893.660052663
20727605.984582309 3655893.812052663
20727605.974582307 3655893.964052663
20727605.964582305 3655894.116052663
20727605.954582307 3655894.268052663
20727605.944582306 3655894.420052663
20727605.934582308 3655894.572052663
20727605.924582306 3655894.724052663
20727605.914582308 3655894.876052663
20727605.904582307 3655895.028052663
20727605.894582309 3655895.180052663
20727605.884582307 3655895.332052663
20727605.874582306 3655895.484052663
20727605.864582308 3655895.636052663
20727605.854582306 3655895.788052663
20727605.844582308 3655895.940052663
20727605.834582306 3655896.092052663
20727605.824582309 3655896.244052663
20727605.814582307 3655896.396052663
20727605.804582309 3655896.548052663
20727605.794582307 3655896.700052663
20727605.784582306 3655896.852052663
20727605.774582308 3655897.004052663
20727605.764582306 3655897.156052663
20727605.754582308 3655897.308052663
20727605.744582307 3655897.460052663
20727605.734582309 3655897.612052663
20727605.724582307 3655897.764052663
20727605.714582305 3655897.916052663
20727605.704582307 3655898.068052663
20727605.694582306 3655898.220052663
20727605.684582308 3655898.372052663
20727605.674582306 3655898.524052663
20727605.664582308 3655898.676052663
20727605.654582307 3655898.828052663
20727605.644582309 3655898.980052663
20727605.634582307 3655899.132052663
20727605.624582306 3655899.284052663
20727605.614582308 3655899.436052663
20727605.604582306 3655899.588052663
20727605.594582308 3655899.740052663
20727605.584582306 3655899.892052663
20727605.574582309 3655900.044052663
20727605.564582307 3655900.196052663
20727605.554582309 3655900.348052663
20727605.544582307 3655900.500052663
20727605.534582306 3655900.652052663
20727605.524582308 3655900.804052663
20727605.514582306 3655900.956052663
20727605.504582308 3655901.108052663
20727605.494582307 3655901.260052663
20727605.484582309 3655901.412052663
20727605.474582307 3655901.564052663
20727605.464582305 3655901.716052663
20727605.454582307 3655901.868052663
20727605.444582306 3655902.020052663
20727605.434582308 3655902.172052663
20727605.424582306 3655902.324052663
20727605.414582308 3655902.476052663
20727605.404582307 3655902.628052663
20727605.394582309 3655902.780052663
20727605.384582307 3655902.932052663
20727605.374582306 3655903.084052663
20727605.364582308 3655903.236052663
20727605.354582306 3655903.388052663
20727605.344582308 3655903.540052663
20727605.334582306 3655903.692052663
20727605.324582309 3655903.844052663
20727605.314582307 3655903.996052663
20727605.304582309 3655904.148052663
20727605.294582307 3655904.300052663
20727605.284582306 3655904.452052663
20727605.274582308 3655904.604052663
20727605.264582306 3655904.756052663
20727605.254582308 3655904.908052663
20727605.244582307 3655905.060052663
20727605.234582309 3655905.212052663
20727605.224582307 3655905.364052663
20727605.214582305 3655905.516052663
20727605.204582307 3655905.668052663
20727605.194582306 3655905.820052663
20727605.184582308 3655905.972052663
20727605.174582306 3655906.124052663
20727605.164582308 3655906.276052663
20727605.154582307 3655906.428052663
20727605.144582309 3655906.580052663
20727605.134582307 3655906.732052663
20727605.124582306 3655906.884052663
20727605.114582308 3655907.036052663
20727605.104582306 3655907.188052663
20727605.094582308 3655907.340052663
20727605.084582306 3655907.492052663
20727605.074582309 3655907.644052663
20727605.064582307 3655907.796052663
20727605.054582309 3655907.948052663
20727605.044582307 3655908.100052663
20727605.034582306 3655908.252052663
20727605.024582308 3655908.404052663
20727605.014582306 3655908.556052663
20727605.004582308 3655908.708052663
20727604.994582307 3655908.860052663
20727604.984582309 3655909.012052663
20727604.974582307 3655909.164052663
20727604.964582305 3655909.316052663
20727604.954582307 3655909.468052663
20727604.944582306 3655909.620052663
20727604.934582308 3655909.772052663
20727604.924582306 3655909.924052663
20727604.914582308 3655910.076052663
20727604.904582307 3655910.228052663
20727604.894582309 3655910.380052663
20727604.884582307 3655910.532052663
20727604.874582306 3655910.684052663
20727604.864582308 3655910.836052663
20727604.854582306 3655910.988052663
20727604.844582308 3655911.140052663
20727604.834582306 3655911.292052663
20727604.824582309 3655911.444052663
20727604.814582307 3655911.596052663
20727604.804582309 3655911.748052663
20727604.794582307 3655911.900052663
20727604.784582306 3655912.052052663
20727604.774582308 3655912.204052663
20727604.764582306 3655912.356052663
20727604.754582308 3655912.508052663
20727604.744582307 3655912.660052663
20727604.734582309 3655912.812052663
20727604.724582307 3655912.964052663
20727604.714582305 3655913.116052663
20727604.704582307 3655913.268052663
20727604.694582306 3655913.420052663
20727604.684582308 3655913.572052663
20727604.674582306 3655913.724052663
20727604.664582308 3655913.876052663
20727604.654582307 3655914.028052663
20727604.644582309 3655914.180052663
20727604.634582307 3655914.332052663
20727604.624582306 3655914.484052663
20727604.614582308 3655914.636052663
20727604.604582306 3655914.788052663
20727604.594582308 3655914.940052663
20727604.584582306 3655915.092052663
20727604.574582309 3655915.244052663
20727604.564582307 3655915.396052663
20727604.554582309 3655915.548052663
20727604.544582307 3655915.700052663
20727604.534582306 3655915.852052663
20727604.524582308 3655916.004052663
20727604.514582306 3655916.156052663
20727604.504582308 3655916.308052663
20727604.494582307 3655916.460052663
20727604.484582309 3655916.612052663
20727604.474582307 3655916.764052663
20727604.464582305 3655916.916052663
20727604.454582307 3655917.068052663
20727604.444582306 3655917.220052663
20727604.434582308 3655917.372052663
20727604.424582306 3655917.524052663
20727604.414582308 3655917.676052663
20727604.404582307 3655917.828052663
20727604.394582309 3655917.980052663
20727604.384582307 3655918.132052663
20727604.374582306 3655918.284052663
20727604.364582308 3655918.436052663
20727604.354582306 3655918.588052663
20727604.344582308 3655918.740052663
20727604.334582306 3655918.892052663
20727604.324582309 3655919.044052663
20727604.314582307 3655919.196052663
20727604.304582309 3655919.348052663
20727604.294582307 3655919.500052663
20727604.284582306 3655919.652052663
20727604.274582308 3655919.804052663
20727604.264582306 3655919.956052663
20727604.254582308 3655920.108052663
20727604.244582307 3655920.260052663
20727604.234582309 3655920.412052663
20727604.224582307 3655920.564052663
20727604.214582305 3655920.716052663
20727604.204582307 3655920.868052663
20727604.194582306 3655921.020052663
20727604.184582308 3655921.172052663
20727604.174582306 3655921.324052663
20727604.164582308 3655921.476052663
20727604.154582307 3655921.628052663
20727604.144582309 3655921.780052663
20727604.134582307 3655921.932052663
20727604.124582306 3655922.084052663
20727604.114582308 3655922.236052663
20727604.104582306 3655922.388052663
20727604.094582308 3655922.540052663
20727604.084582306 3655922.692052663
20727604.074582309 3655922.844052663
20727604.064582307 3655922.996052663
20727604.054582309 3655923.148052663
20727604.044582307 3655923.300052663
20727604.034582306 3655923.452052663
20727604.024582308 3655923.604052663
20727604.014582306 3655923.756052663
20727604.004582308 3655923.908052663
20727603.994582307 3655924.060052663
20727603.984582309 3655924.212052663
20727603.974582307 3655924.364052663
20727603.964582305 3655924.516052663
20727603.954582307 3655924.668052663
20727603.944582306 3655924.820052663
20727603.934582308 3655924.972052663
20727603.924582306 3655925.124052663
20727603.914582308 3655925.276052663
20727603.904582307 3655925.428052663
20727603.894582309 3655925.580052663
20727603.884582307 3655925.732052663
20727603.874582306 3655925.884052663
20727603.864582308 3655926.036052663
20727603.854582306 3655926.188052663
20727603.844582308 3655926.340052663
20727603.834582306 3655926.492052663
20727603.824582309 3655926.644052663
20727603.814582307 3655926.796052663
20727603.804582309 3655926.948052663
20727603.794582307 3655927.100052663
20727603.784582306 3655927.252052663
20727603.774582308 3655927.404052663
20727603.764582306 3655927.556052663
20727603.754582308 3655927.708052663
20727603.744582307 3655927.860052663
20727603.734582309 3655928.012052663
20727603.724582307 3655928.164052663
20727603.714582305 3655928.316052663
20727603.704582307 3655928.468052663
20727603.694582306 3655928.620052663
20727603.684582308 3655928.772052663
20727603.674582306 3655928.924052663
20727603.664582308 3655929.076052663
20727603.654582307 3655929.228052663
20727603.644582309 3655929.380052663
20727603.634582307 3655929.532052663
20727603.624582306 3655929.684052663
20727603.614582308 3655929.836052663
20727603.604582306 3655929.988052663
20727603.594582308 3655930.140052663
20727603.584582306 3655930.292052663
20727603.574582309 3655930.444052663
20727603.564582307 3655930.596052663
20727603.554582309 3655930.748052663
20727603.544582307 3655930.900052663
20727603.534582306 3655931.052052663
20727603.524582308 3655931.204052663
20727603.514582306 3655931.356052663
20727603.504582308 3655931.508052663
20727603.494582307 3655931.660052663
20727603.484582309 3655931.812052663
20727603.474582307 3655931.964052663
20727603.464582305 3655932.116052663
20727603.454582307 3655932.268052663
20727603.444582306 3655932.420052663
20727603.434582308 3655932.572052663
20727603.424582306 3655932.724052663
20727603.414582308 3655932.876052663
20727603.404582307 3655933.028052663
20727603.394582309 3655933.180052663
20727603.384582307 3655933.332052663
20727603.374582306 3655933.484052663
20727603.364582308 3655933.636052663
20727603.354582306 3655933.788052663
20727603.344582308 3655933.940052663
20727603.334582306 3655934.092052663
20727603.324582309 3655934.244052663
20727603.314582307 3655934.396052663
20727603.304582309 3655934.548052663
20727603.294582307 3655934.700052663
20727603.284582306 3655934.852052663
20727603.274582308 3655935.004052663
20727603.264582306 3655935.156052663
20727603.254582308 3655935.308052663
20727603.244582307 3655935.460052663
20727603.234582309 3655935.612052663
20727603.224582307 3655935.764052663
20727603.214582305 3655935.916052663
20727603.204582307 3655936.068052663
20727603.194582306 3655936.220052663
20727603.184582308 3655936.372052663
20727603.174582306 3655936.524052663
20727603.164582308 3655936.676052663
20727603.154582307 3655936.828052663
20727603.144582309 3655936.980052663
20727603.134582307 3655937.132052663
20727603.124582306 3655937.284052663
20727603.114582308 3655937.436052663
20727603.104582306 3655937.588052663
20727603.094582308 3655937.740052663
20727603.084582306 3655937.892052663
20727603.074582309 3655938.044052663
20727603.064582307 3655938.196052663
20727603.054582309 3655938.348052663
20727603.044582307 3655938.500052663
20727603.034582306 3655938.652052663
20727603.024582308 3655938.804052663
20727603.014582306 3655938.956052663
20727603.004582308 3655939.108052663
20727602.994582307 3655939.260052663
20727602.984582309 3655939.412052663
20727602.974582307 3655939.564052663
20727602.964582305 3655939.716052663
20727602.954582307 3655939.868052663
20727602.944582306 3655940.020052663
20727602.934582308 3655940.172052663
20727602.924582306 3655940.324052663
20727602.914582308 3655940.476052663
20727602.904582307 3655940.628052663
20727602.894582309 3655940.780052663
20727602.884582307 3655940.932052663
20727602.874582306 3655941.084052663
20727602.864582308 3655941.236052663
20727602.854582306 3655941.388052663
20727602.844582308 3655941.540052663
20727602.834582306 3655941.692052663
20727602.824582309 3655941.844052663
20727602.814582307 3655941.996052663
20727602.804582309 3655942.148052663
20727602.794582307 3655942.300052663
20727602.784582306 3655942.452052663
20727602.774582308 3655942.604052663
20727602.764582306 3655942.756052663
20727602.754582308 3655942.908052663
20727602.744582307 3655943.060052663
20727602.734582309 3655943.212052663
20727602.724582307 3655943.364052663
20727602.714582305 3655943.516052663
20727602.704582307 3655943.668052663
20727602.694582306 3655943.820052663
20727602.684582308 3655943.972052663
20727602.674582306 3655944.124052663
20727602.664582308 3655944.276052663
20727602.654582307 3655944.428052663
20727602.644582309 3655944.580052663
20727602.634582307 3655944.732052663
20727602.624582306 3655944.884052663
20727602.614582308 3655945.036052663
20727602.604582306 3655945.188052663
20727602.594582308 3655945.340052663
20727602.584582306 3655945.492052663
20727602.574582309 3655945.644052663
20727602.564582307 3655945.796052663
20727602.554582309 3655945.948052663
20727602.544582307 3655946.100052663
20727602.534582306 3655946.252052663
20727602.524582308 3655946.404052663
20727602.514582306 3655946.556052663
20727602.504582308 3655946.708052663
20727602.494582307 3655946.860052663
20727602.484582309 3655947.012052663
20727602.474582307 3655947.164052663
20727602.464582305 3655947.316052663
20727602.454582307 3655947.468052663
20727602.444582306 3655947.620052663
20727602.434582308 3655947.772052663
20727602.424582306 3655947.924052663
20727602.414582308 3655948.076052663
20727602.404582307 3655948.228052663
20727602.394582309 3655948.380052663
20727602.384582307 3655948.532052663
20727602.374582306 3655948.684052663
20727602.364582308 3655948.836052663
20727602.354582306 3655948.988052663
20727602.344582308 3655949.140052663
20727602.334582306 3655949.292052663
20727602.324582309 3655949.444052663
20727602.314582307 3655949.596052663
20727602.304582309 3655949.748052663
20727602.294582307 3655949.900052663
20727602.284582306 3655950.052052663
20727602.274582308 3655950.204052663
20727602.264582306 3655950.356052663
20727602.254582308 3655950.508052663
20727602.244582307 3655950.660052663
20727602.234582309 3655950.812052663
20727602.224582307 3655950.964052663
20727602.214582305 3655951.116052663
20727602.204582307 3655951.268052663
20727602.194582306 3655951.420052663
20727602.184582308 3655951.572052663
20727602.174582306 3655951.724052663
20727602.164582308 3655951.876052663
20727602.154582307 3655952.028052663
20727602.144582309 3655952.180052663
20727602.134582307 3655952.332052663
20727602.124582306 3655952.484052663
20727602.114582308 3655952.636052663
20727602.104582306 3655952.788052663
20727602.094582308 3655952.940052663
20727602.084582306 3655953.092052663
20727602.074582309 3655953.244052663
20727602.064582307 3655953.396052663
20727602.054582309 3655953.548052663
20727602.044582307 3655953.700052663
20727602.034582306 3655953.852052663
20727602.024582308 3655954.004052663
20727602.014582306 3655954.156052663
20727602.004582308 3655954.308052663
20727601.994582307 3655954.460052663
20727601.984582309 3655954.612052663
20727601.974582307 3655954.764052663
20727601.964582305 3655954.916052663
20727601.954582307 3655955.068052663
20727601.944582306 3655955.220052663
20727601.934582308 3655955.372052663
20727601.924582306 3655955.524052663
20727601.914582308 3655955.676052663
20727601.904582307 3655955.828052663
20727601.894582309 3655955.980052663
20727601.884582307 3655956.132052663
20727601.874582306 3655956.284052663
20727601.864582308 3655956.436052663
20727601.854582306 3655956.588052663
20727601.844582308 3655956.740052663
20727601.834582306 3655956.892052663
20727601.824582309 3655957.044052663
20727601.814582307 3655957.196052663
20727601.804582309 3655957.348052663
20727601.794582307 3655957.500052663
20727601.784582306 3655957.652052663
20727601.774582308 3655957.804052663
20727601.764582306 3655957.956052663
20727601.754582308 3655958.108052663
20727601.744582307 3655958.260052663
20727601.734582309 3655958.412052663
20727601.724582307 3655958.564052663
20727601.714582305 3655958.716052663
20727601.704582307 3655958.868052663
20727601.694582306 3655959.020052663
20727601.684582308 3655959.172052663
20727601.674582306 3655959.324052663
20727601.664582308 3655959.476052663
20727601.654582307 3655959.628052663
20727601.644582309 3655959.780052663
20727601.634582307 3655959.932052663
20727601.624582306 3655960.084052663
20727601.614582308 3655960.236052663
20727601.604582306 3655960.388052663
20727601.594582308 3655960.540052663
20727601.584582306 3655960.692052663
20727601.574582309 3655960.844052663
20727601.564582307 3655960.996052663
20727601.554582309 3655961.148052663
20727601.544582307 3655961.300052663
20727601.534582306 3655961.452052663
20727601.524582308 3655961.604052663
20727601.514582306 3655961.756052663
20727601.504582308 3655961.908052663
20727601.494582307 3655962.060052663
20727601.484582309 3655962.212052663
20727601.474582307 3655962.364052663
20727601.464582305 3655962.516052663
20727601.454582307 3655962.668052663
20727601.444582306 3655962.820052663
20727601.434582308 3655962.972052663
20727601.424582306 3655963.124052663
20727601.414582308 3655963.276052663
20727601.404582307 3655963.428052663
20727601.394582309 3655963.580052663
20727601.384582307 3655963.732052663
20727601.374582306 3655963.884052663
20727601.364582308 3655964.036052663
20727601.354582306 3655964.188052663
20727601.344582308 3655964.340052663
20727601.334582306 3655964.492052663
20727601.324582309 3655964.644052663
20727601.314582307 3655964.796052663
20727601.304582309 3655964.948052663
20727601.294582307 3655965.100052663
20727601.284582306 3655965.252052663
20727601.274582308 3655965.404052663
20727601.264582306 3655965.556052663
20727601.254582308 3655965.708052663
20727601.244582307 3655965.860052663
20727601.234582309 3655966.012052663
20727601.224582307 3655966.164052663
20727601.214582305 3655966.316052663
20727601.204582307 3655966.468052663
20727601.194582306 3655966.620052663
20727601.184582308 3655966.772052663
20727601.174582306 3655966.924052663
20727601.164582308 3655967.076052663
20727601.154582307 3655967.228052663
20727601.144582309 3655967.380052663
20727601.134582307 3655967.532052663
20727601.124582306 3655967.684052663
20727601.114582308 3655967.836052663
20727601.104582306 3655967.988052663
20727601.094582308 3655968.140052663
20727601.084582306 3655968.292052663
20727601.074582309 3655968.444052663
20727601.064582307 3655968.596052663
20727601.054582309 3655968.748052663
20727601.044582307 3655968.900052663
20727601.034582306 3655969.052052663
20727601.024582308 3655969.204052663
20727601.014582306 3655969.356052663
20727601.004582308 3655969.508052663
20727600.994582307 3655969.660052663
20727600.984582309 3655969.812052663
20727600.974582307 3655969.964052663
20727600.964582305 3655970.116052663
20727600.954582307 3655970.268052663
20727600.944582306 3655970.420052663
20727600.934582308 3655970.572052663
20727600.924582306 3655970.724052663
20727600.914582308 3655970.876052663
20727600.904582307 3655971.028052663
20727600.894582309 3655971.180052663
20727600.884582307 3655971.332052663
20727600.874582306 3655971.484052663
20727600.864582308 3655971.636052663
20727600.854582306 3655971.788052663
20727600.844582308 3655971.940052663
20727600.834582306 3655972.092052663
20727600.824582309 3655972.244052663
20727600.814582307 3655972.396052663
20727600.804582309 3655972.548052663
20727600.794582307 3655972.700052663
20727600.784582306 3655972.852052663
20727600.774582308 3655973.004052663
20727600.764582306 3655973.156052663
20727600.754582308 3655973.308052663
20727600.744582307 3655973.460052663
20727600.734582309 3655973.612052663
20727600.724582307 3655973.764052663
20727600.714582305 3655973.916052663
20727600.704582307 3655974.068052663
20727600.694582306 3655974.220052663
20727600.684582308 3655974.372052663
20727600.674582306 3655974.524052663
20727600.664582308 3655974.676052663
20727600.654582307 3655974.828052663
20727600.644582309 3655974.980052663
20727600.634582307 3655975.132052663
20727600.624582306 3655975.284052663
20727600.614582308 3655975.436052663
20727600.604582306 3655975.588052663
20727600.594582308 3655975.740052663
20727600.584582306 3655975.892052663
20727600.574582309 3655976.044052663
20727600.564582307 3655976.196052663
20727600.554582309 3655976.348052663
20727600.544582307 3655976.500052663
20727600.534582306 3655976.652052663
20727600.524582308 3655976.804052663
20727600.514582306 3655976.956052663
20727600.504582308 3655977.108052663
20727600.494582307 3655977.260052663
20727600.484582309 3655977.412052663
20727600.474582307 3655977.564052663
20727600.464582305 3655977.716052663
20727600.454582307 3655977.868052663
20727600.444582306 3655978.020052663
20727600.434582308 3655978.172052663
20727600.424582306 3655978.324052663
20727600.414582308 3655978.476052663
20727600.404582307 3655978.628052663
20727600.394582309 3655978.780052663
20727600.384582307 3655978.932052663
20727600.374582306 3655979.084052663
20727600.364582308 3655979.236052663
20727600.354582306 3655979.388052663
20727600.344582308 3655979.540052663
20727600.334582306 3655979.692052663
20727600.324582309 3655979.844052663
20727600.314582307 3655979.996052663
20727600.304582309 3655980.148052663
20727600.294582307 3655980.300052663
20727600.284582306 3655980.452052663
20727600.274582308 3655980.604052663
20727600.264582306 3655980.756052663
20727600.254582308 3655980.908052663
20727600.244582307 3655981.060052663
20727600.234582309 3655981.212052663
20727600.224582307 3655981.364052663
20727600.214582305 3655981.516052663
20727600.204582307 3655981.668052663
20727600.194582306 3655981.820052663
20727600.184582308 3655981.972052663
20727600.174582306 3655982.124052663
20727600.164582308 3655982.276052663
20727600.154582307 3655982.428052663
20727600.144582309 3655982.580052663
20727600.134582307 3655982.732052663
20727600.124582306 3655982.884052663
20727600.114582308 3655983.036052663
20727600.104582306 3655983.188052663
20727600.094582308 3655983.340052663
20727600.084582306 3655983.492052663
20727600.074582309 3655983.644052663
20727600.064582307 3655983.796052663
20727600.054582309 3655983.948052663
20727600.044582307 3655984.100052663
20727600.034582306 3655984.252052663
20727600.024582308 3655984.404052663
20727600.014582306 3655984.556052663
20727600.004582308 3655984.708052663
20727599.994582307 3655984.860052663
20727599.984582309 3655985.012052663
20727599.974582307 3655985.164052663
20727599.964582305 3655985.316052663
20727599.954582307 3655985.468052663
20727599.944582306 3655985.620052663
20727599.934582308 3655985.772052663
20727599.924582306 3655985.924052663
20727599.914582308 3655986.076052663
20727599.904582307 3655986.228052663
20727599.894582309 3655986.380052663
20727599.884582307 3655986.532052663
