20727599.584582306 3655971.238907663
20727599.594582308 3655971.086907663
20727599.604582306 3655970.934907663
20727599.614582308 3655970.782907663
20727599.624582306 3655970.630907663
20727599.634582307 3655970.478907663
20727599.644582305 3655970.326907663
20727599.654582307 3655970.174907663
20727599.664582305 3655970.022907663
20727599.674582306 3655969.870907663
20727599.684582308 3655969.718907663
20727599.694582306 3655969.566907663
20727599.704582307 3655969.414907663
20727599.714582305 3655969.262907663
20727599.724582307 3655969.110907663
20727599.734582305 3655968.958907663
20727599.744582307 3655968.806907663
20727599.754582308 3655968.654907663
20727599.764582306 3655968.502907663
20727599.774582308 3655968.350907663
20727599.784582306 3655968.198907663
20727599.794582307 3655968.046907663
20727599.804582305 3655967.894907663
20727599.814582307 3655967.742907663
20727599.824582305 3655967.590907663
20727599.834582306 3655967.438907663
20727599.844582308 3655967.286907663
20727599.854582306 3655967.134907663
20727599.864582308 3655966.982907663
20727599.874582306 3655966.830907663
20727599.884582307 3655966.678907663
20727599.894582305 3655966.526907663
20727599.904582307 3655966.374907663
20727599.914582305 3655966.222907663
20727599.924582306 3655966.070907663
20727599.934582308 3655965.918907663
20727599.944582306 3655965.766907663
20727599.954582307 3655965.614907663
20727599.964582305 3655965.462907663
20727599.974582307 3655965.310907663
20727599.984582305 3655965.158907663
20727599.994582307 3655965.006907663
20727600.004582308 3655964.854907663
20727600.014582306 3655964.702907663
20727600.024582308 3655964.550907663
20727600.034582306 3655964.398907663
20727600.044582307 3655964.246907663
20727600.054582305 3655964.094907663
20727600.064582307 3655963.942907663
20727600.074582305 3655963.790907663
20727600.084582306 3655963.638907663
20727600.094582308 3655963.486907663
20727600.104582306 3655963.334907663
20727600.114582308 3655963.182907663
20727600.124582306 3655963.030907663
20727600.134582307 3655962.878907663
20727600.144582305 3655962.726907663
20727600.154582307 3655962.574907663
20727600.164582305 3655962.422907663
20727600.174582306 3655962.270907663
20727600.184582308 3655962.118907663
20727600.194582306 3655961.966907663
20727600.204582307 3655961.814907663
20727600.214582305 3655961.662907663
20727600.224582307 3655961.510907663
20727600.234582305 3655961.358907663
20727600.244582307 3655961.206907663
20727600.254582308 3655961.054907663
20727600.264582306 3655960.902907663
20727600.274582308 3655960.750907663
20727600.284582306 3655960.598907663
20727600.294582307 3655960.446907663
20727600.304582305 3655960.294907663
20727600.314582307 3655960.142907663
20727600.324582305 3655959.990907663
20727600.334582306 3655959.838907663
20727600.344582308 3655959.686907663
20727600.354582306 3655959.534907663
20727600.364582308 3655959.382907663
20727600.374582306 3655959.230907663
20727600.384582307 3655959.078907663
20727600.394582305 3655958.926907663
20727600.404582307 3655958.774907663
20727600.414582305 3655958.622907663
20727600.424582306 3655958.470907663
20727600.434582308 3655958.318907663
20727600.444582306 3655958.166907663
20727600.454582307 3655958.014907663
20727600.464582305 3655957.862907663
20727600.474582307 3655957.710907663
20727600.484582305 3655957.558907663
20727600.494582307 3655957.406907663
20727600.504582308 3655957.254907663
20727600.514582306 3655957.102907663
20727600.524582308 3655956.950907663
20727600.534582306 3655956.798907663
20727600.544582307 3655956.646907663
20727600.554582305 3655956.494907663
20727600.564582307 3655956.342907663
20727600.574582305 3655956.190907663
20727600.584582306 3655956.038907663
20727600.594582308 3655955.886907663
20727600.604582306 3655955.734907663
20727600.614582308 3655955.582907663
20727600.624582306 3655955.430907663
20727600.634582307 3655955.278907663
20727600.644582305 3655955.126907663
20727600.654582307 3655954.974907663
20727600.664582305 3655954.822907663
20727600.674582306 3655954.670907663
20727600.684582308 3655954.518907663
20727600.694582306 3655954.366907663
20727600.704582307 3655954.214907663
20727600.714582305 3655954.062907663
20727600.724582307 3655953.910907663
20727600.734582305 3655953.758907663
20727600.744582307 3655953.606907663
20727600.754582308 3655953.454907663
20727600.764582306 3655953.302907663
20727600.774582308 3655953.150907663
20727600.784582306 3655952.998907663
20727600.794582307 3655952.846907663
20727600.804582305 3655952.694907663
20727600.814582307 3655952.542907663
20727600.824582305 3655952.390907663
20727600.834582306 3655952.238907663
20727600.844582308 3655952.086907663
20727600.854582306 3655951.934907663
20727600.864582308 3655951.782907663
20727600.874582306 3655951.630907663
20727600.884582307 3655951.478907663
20727600.894582305 3655951.326907663
20727600.904582307 3655951.174907663
20727600.914582305 3655951.022907663
20727600.924582306 3655950.870907663
20727600.934582308 3655950.718907663
20727600.944582306 3655950.566907663
20727600.954582307 3655950.414907663
20727600.964582305 3655950.262907663
20727600.974582307 3655950.110907663
20727600.984582305 3655949.958907663
20727600.994582307 3655949.806907663
20727601.004582308 3655949.654907663
20727601.014582306 3655949.502907663
20727601.024582308 3655949.350907663
20727601.034582306 3655949.198907663
20727601.044582307 3655949.046907663
20727601.054582305 3655948.894907663
20727601.064582307 3655948.742907663
20727601.074582305 3655948.590907663
20727601.084582306 3655948.438907663
20727601.094582308 3655948.286907663
20727601.104582306 3655948.134907663
20727601.114582308 3655947.982907663
20727601.124582306 3655947.830907663
20727601.134582307 3655947.678907663
20727601.144582305 3655947.526907663
20727601.154582307 3655947.374907663
20727601.164582305 3655947.222907663
20727601.174582306 3655947.070907663
20727601.184582308 3655946.918907663
20727601.194582306 3655946.766907663
20727601.204582307 3655946.614907663
20727601.214582305 3655946.462907663
20727601.224582307 3655946.310907663
20727601.234582305 3655946.158907663
20727601.244582307 3655946.006907663
20727601.254582308 3655945.854907663
20727601.264582306 3655945.702907663
20727601.274582308 3655945.550907663
20727601.284582306 3655945.398907663
20727601.294582307 3655945.246907663
20727601.304582305 3655945.094907663
20727601.314582307 3655944.942907663
20727601.324582305 3655944.790907663
20727601.334582306 3655944.638907663
20727601.344582308 3655944.486907663
20727601.354582306 3655944.334907663
20727601.364582308 3655944.182907663
20727601.374582306 3655944.030907663
20727601.384582307 3655943.878907663
20727601.394582305 3655943.726907663
20727601.404582307 3655943.574907663
20727601.414582305 3655943.422907663
20727601.424582306 3655943.270907663
20727601.434582308 3655943.118907663
20727601.444582306 3655942.966907663
20727601.454582307 3655942.814907663
20727601.464582305 3655942.662907663
20727601.474582307 3655942.510907663
20727601.484582305 3655942.358907663
20727601.494582307 3655942.206907663
20727601.504582308 3655942.054907663
20727601.514582306 3655941.902907663
20727601.524582308 3655941.750907663
20727601.534582306 3655941.598907663
20727601.544582307 3655941.446907663
20727601.554582305 3655941.294907663
20727601.564582307 3655941.142907663
20727601.574582305 3655940.990907663
20727601.584582306 3655940.838907663
20727601.594582308 3655940.686907663
20727601.604582306 3655940.534907663
20727601.614582308 3655940.382907663
20727601.624582306 3655940.230907663
20727601.634582307 3655940.078907663
20727601.644582305 3655939.926907663
20727601.654582307 3655939.774907663
20727601.664582305 3655939.622907663
20727601.674582306 3655939.470907663
20727601.684582308 3655939.318907663
20727601.694582306 3655939.166907663
20727601.704582307 3655939.014907663
20727601.714582305 3655938.862907663
20727601.724582307 3655938.710907663
20727601.734582305 3655938.558907663
20727601.744582307 3655938.406907663
20727601.754582308 3655938.254907663
20727601.764582306 3655938.102907663
20727601.774582308 3655937.950907663
20727601.784582306 3655937.798907663
20727601.794582307 3655937.646907663
20727601.804582305 3655937.494907663
20727601.814582307 3655937.342907663
20727601.824582305 3655937.190907663
20727601.834582306 3655937.038907663
20727601.844582308 3655936.886907663
20727601.854582306 3655936.734907663
20727601.864582308 3655936.582907663
20727601.874582306 3655936.430907663
20727601.884582307 3655936.278907663
20727601.894582305 3655936.126907663
20727601.904582307 3655935.974907663
20727601.914582305 3655935.822907663
20727601.924582306 3655935.670907663
20727601.934582308 3655935.518907663
20727601.944582306 3655935.366907663
20727601.954582307 3655935.214907663
20727601.964582305 3655935.062907663
20727601.974582307 3655934.910907663
20727601.984582305 3655934.758907663
20727601.994582307 3655934.606907663
20727602.004582308 3655934.454907663
20727602.014582306 3655934.302907663
20727602.024582308 3655934.150907663
20727602.034582306 3655933.998907663
20727602.044582307 3655933.846907663
20727602.054582305 3655933.694907663
20727602.064582307 3655933.542907663
20727602.074582305 3655933.390907663
20727602.084582306 3655933.238907663
20727602.094582308 3655933.086907663
20727602.104582306 3655932.934907663
20727602.114582308 3655932.782907663
20727602.124582306 3655932.630907663
20727602.134582307 3655932.478907663
20727602.144582305 3655932.326907663
20727602.154582307 3655932.174907663
20727602.164582305 3655932.022907663
20727602.174582306 3655931.870907663
20727602.184582308 3655931.718907663
20727602.194582306 3655931.566907663
20727602.204582307 3655931.414907663
20727602.214582305 3655931.262907663
20727602.224582307 3655931.110907663
20727602.234582305 3655930.958907663
20727602.244582307 3655930.806907663
20727602.254582308 3655930.654907663
20727602.264582306 3655930.502907663
20727602.274582308 3655930.350907663
20727602.284582306 3655930.198907663
20727602.294582307 3655930.046907663
20727602.304582305 3655929.894907663
20727602.314582307 3655929.742907663
20727602.324582305 3655929.590907663
20727602.334582306 3655929.438907663
20727602.344582308 3655929.286907663
20727602.354582306 3655929.134907663
20727602.364582308 3655928.982907663
20727602.374582306 3655928.830907663
20727602.384582307 3655928.678907663
20727602.394582305 3655928.526907663
20727602.404582307 3655928.374907663
20727602.414582305 3655928.222907663
20727602.424582306 3655928.070907663
20727602.434582308 3655927.918907663
20727602.444582306 3655927.766907663
20727602.454582307 3655927.614907663
20727602.464582305 3655927.462907663
20727602.474582307 3655927.310907663
20727602.484582305 3655927.158907663
20727602.494582307 3655927.006907663
20727602.504582308 3655926.854907663
20727602.514582306 3655926.702907663
20727602.524582308 3655926.550907663
20727602.534582306 3655926.398907663
20727602.544582307 3655926.246907663
20727602.554582305 3655926.094907663
20727602.564582307 3655925.942907663
20727602.574582305 3655925.790907663
20727602.584582306 3655925.638907663
20727602.594582308 3655925.486907663
20727602.604582306 3655925.334907663
20727602.614582308 3655925.182907663
20727602.624582306 3655925.030907663
20727602.634582307 3655924.878907663
20727602.644582305 3655924.726907663
20727602.654582307 3655924.574907663
20727602.664582305 3655924.422907663
20727602.674582306 3655924.270907663
20727602.684582308 3655924.118907663
20727602.694582306 3655923.966907663
20727602.704582307 3655923.814907663
20727602.714582305 3655923.662907663
20727602.724582307 3655923.510907663
20727602.734582305 3655923.358907663
20727602.744582307 3655923.206907663
20727602.754582308 3655923.054907663
20727602.764582306 3655922.902907663
20727602.774582308 3655922.750907663
20727602.784582306 3655922.598907663
20727602.794582307 3655922.446907663
20727602.804582305 3655922.294907663
20727602.814582307 3655922.142907663
20727602.824582305 3655921.990907663
20727602.834582306 3655921.838907663
20727602.844582308 3655921.686907663
20727602.854582306 3655921.534907663
20727602.864582308 3655921.382907663
20727602.874582306 3655921.230907663
20727602.884582307 3655921.078907663
20727602.894582305 3655920.926907663
20727602.904582307 3655920.774907663
20727602.914582305 3655920.622907663
20727602.924582306 3655920.470907663
20727602.934582308 3655920.318907663
20727602.944582306 3655920.166907663
20727602.954582307 3655920.014907663
20727602.964582305 3655919.862907663
20727602.974582307 3655919.710907663
20727602.984582305 3655919.558907663
20727602.994582307 3655919.406907663
20727603.004582308 3655919.254907663
20727603.014582306 3655919.102907663
20727603.024582308 3655918.950907663
20727603.034582306 3655918.798907663
20727603.044582307 3655918.646907663
20727603.054582305 3655918.494907663
20727603.064582307 3655918.342907663
20727603.074582305 3655918.190907663
20727603.084582306 3655918.038907663
20727603.094582308 3655917.886907663
20727603.104582306 3655917.734907663
20727603.114582308 3655917.582907663
20727603.124582306 3655917.430907663
20727603.134582307 3655917.278907663
20727603.144582305 3655917.126907663
20727603.154582307 3655916.974907663
20727603.164582305 3655916.822907663
20727603.174582306 3655916.670907663
20727603.184582308 3655916.518907663
20727603.194582306 3655916.366907663
20727603.204582307 3655916.214907663
20727603.214582305 3655916.062907663
20727603.224582307 3655915.910907663
20727603.234582305 3655915.758907663
20727603.244582307 3655915.606907663
20727603.254582308 3655915.454907663
20727603.264582306 3655915.302907663
20727603.274582308 3655915.150907663
20727603.284582306 3655914.998907663
20727603.294582307 3655914.846907663
20727603.304582305 3655914.694907663
20727603.314582307 3655914.542907663
20727603.324582305 3655914.390907663
20727603.334582306 3655914.238907663
20727603.344582308 3655914.086907663
20727603.354582306 3655913.934907663
20727603.364582308 3655913.782907663
20727603.374582306 3655913.630907663
20727603.384582307 3655913.478907663
20727603.394582305 3655913.326907663
20727603.404582307 3655913.174907663
20727603.414582305 3655913.022907663
20727603.424582306 3655912.870907663
20727603.434582308 3655912.718907663
20727603.444582306 3655912.566907663
20727603.454582307 3655912.414907663
20727603.464582305 3655912.262907663
20727603.474582307 3655912.110907663
20727603.484582305 3655911.958907663
20727603.494582307 3655911.806907663
20727603.504582308 3655911.654907663
20727603.514582306 3655911.502907663
20727603.524582308 3655911.350907663
20727603.534582306 3655911.198907663
20727603.544582307 3655911.046907663
20727603.554582305 3655910.894907663
20727603.564582307 3655910.742907663
20727603.574582305 3655910.590907663
20727603.584582306 3655910.438907663
20727603.594582308 3655910.286907663
20727603.604582306 3655910.134907663
20727603.614582308 3655909.982907663
20727603.624582306 3655909.830907663
20727603.634582307 3655909.678907663
20727603.644582305 3655909.526907663
20727603.654582307 3655909.374907663
20727603.664582305 3655909.222907663
20727603.674582306 3655909.070907663
20727603.684582308 3655908.918907663
20727603.694582306 3655908.766907663
20727603.704582307 3655908.614907663
20727603.714582305 3655908.462907663
20727603.724582307 3655908.310907663
20727603.734582305 3655908.158907663
20727603.744582307 3655908.006907663
20727603.754582308 3655907.854907663
20727603.764582306 3655907.702907663
20727603.774582308 3655907.550907663
20727603.784582306 3655907.398907663
20727603.794582307 3655907.246907663
20727603.804582305 3655907.094907663
20727603.814582307 3655906.942907663
20727603.824582305 3655906.790907663
20727603.834582306 3655906.638907663
20727603.844582308 3655906.486907663
20727603.854582306 3655906.334907663
20727603.864582308 3655906.182907663
20727603.874582306 3655906.030907663
20727603.884582307 3655905.878907663
20727603.894582305 3655905.726907663
20727603.904582307 3655905.574907663
20727603.914582305 3655905.422907663
20727603.924582306 3655905.270907663
20727603.934582308 3655905.118907663
20727603.944582306 3655904.966907663
20727603.954582307 3655904.814907663
20727603.964582305 3655904.662907663
20727603.974582307 3655904.510907663
20727603.984582305 3655904.358907663
20727603.994582307 3655904.206907663
20727604.004582308 3655904.054907663
20727604.014582306 3655903.902907663
20727604.024582308 3655903.750907663
20727604.034582306 3655903.598907663
20727604.044582307 3655903.446907663
20727604.054582305 3655903.294907663
20727604.064582307 3655903.142907663
20727604.074582305 3655902.990907663
20727604.084582306 3655902.838907663
20727604.094582308 3655902.686907663
20727604.104582306 3655902.534907663
20727604.114582308 3655902.382907663
20727604.124582306 3655902.230907663
20727604.134582307 3655902.078907663
20727604.144582305 3655901.926907663
20727604.154582307 3655901.774907663
20727604.164582305 3655901.622907663
20727604.174582306 3655901.470907663
20727604.184582308 3655901.318907663
20727604.194582306 3655901.166907663
20727604.204582307 3655901.014907663
20727604.214582305 3655900.862907663
20727604.224582307 3655900.710907663
20727604.234582305 3655900.558907663
20727604.244582307 3655900.406907663
20727604.254582308 3655900.254907663
20727604.264582306 3655900.102907663
20727604.274582308 3655899.950907663
20727604.284582306 3655899.798907663
20727604.294582307 3655899.646907663
20727604.304582305 3655899.494907663
20727604.314582307 3655899.342907663
20727604.324582305 3655899.190907663
20727604.334582306 3655899.038907663
20727604.344582308 3655898.886907663
20727604.354582306 3655898.734907663
20727604.364582308 3655898.582907663
20727604.374582306 3655898.430907663
20727604.384582307 3655898.278907663
20727604.394582305 3655898.126907663
20727604.404582307 3655897.974907663
20727604.414582305 3655897.822907663
20727604.424582306 3655897.670907663
20727604.434582308 3655897.518907663
20727604.444582306 3655897.366907663
20727604.454582307 3655897.214907663
20727604.464582305 3655897.062907663
20727604.474582307 3655896.910907663
20727604.484582305 3655896.758907663
20727604.494582307 3655896.606907663
20727604.504582308 3655896.454907663
20727604.514582306 3655896.302907663
20727604.524582308 3655896.150907663
20727604.534582306 3655895.998907663
20727604.544582307 3655895.846907663
20727604.554582305 3655895.694907663
20727604.564582307 3655895.542907663
20727604.574582305 3655895.390907663
20727604.584582306 3655895.238907663
20727604.594582308 3655895.086907663
20727604.604582306 3655894.934907663
20727604.614582308 3655894.782907663
20727604.624582306 3655894.630907663
20727604.634582307 3655894.478907663
20727604.644582305 3655894.326907663
20727604.654582307 3655894.174907663
20727604.664582305 3655894.022907663
20727604.674582306 3655893.870907663
20727604.684582308 3655893.718907663
20727604.694582306 3655893.566907663
20727604.704582307 3655893.414907663
20727604.714582305 3655893.262907663
20727604.724582307 3655893.110907663
20727604.734582305 3655892.958907663
20727604.744582307 3655892.806907663
20727604.754582308 3655892.654907663
20727604.764582306 3655892.502907663
20727604.774582308 3655892.350907663
20727604.784582306 3655892.198907663
20727604.794582307 3655892.046907663
20727604.804582305 3655891.894907663
20727604.814582307 3655891.742907663
20727604.824582305 3655891.590907663
20727604.834582306 3655891.438907663
20727604.844582308 3655891.286907663
20727604.854582306 3655891.134907663
20727604.864582308 3655890.982907663
20727604.874582306 3655890.830907663
20727604.884582307 3655890.678907663
20727604.894582305 3655890.526907663
20727604.904582307 3655890.374907663
20727604.914582305 3655890.222907663
20727604.924582306 3655890.070907663
20727604.934582308 3655889.918907663
20727604.944582306 3655889.766907663
20727604.954582307 3655889.614907663
20727604.964582305 3655889.462907663
20727604.974582307 3655889.310907663
20727604.984582305 3655889.158907663
20727604.994582307 3655889.006907663
20727605.004582308 3655888.854907663
20727605.014582306 3655888.702907663
20727605.024582308 3655888.550907663
20727605.034582306 3655888.398907663
20727605.044582307 3655888.246907663
20727605.054582305 3655888.094907663
20727605.064582307 3655887.942907663
20727605.074582305 3655887.790907663
20727605.084582306 3655887.638907663
20727605.094582308 3655887.486907663
20727605.104582306 3655887.334907663
20727605.114582308 3655887.182907663
20727605.124582306 3655887.030907663
20727605.134582307 3655886.878907663
20727605.144582305 3655886.726907663
20727605.154582307 3655886.574907663
20727605.164582305 3655886.422907663
20727605.174582306 3655886.270907663
20727605.184582308 3655886.118907663
20727605.194582306 3655885.966907663
20727605.204582307 3655885.814907663
20727605.214582305 3655885.662907663
20727605.224582307 3655885.510907663
20727605.234582305 3655885.358907663
20727605.244582307 3655885.206907663
20727605.254582308 3655885.054907663
20727605.264582306 3655884.902907663
20727605.274582308 3655884.750907663
20727605.284582306 3655884.598907663
20727605.294582307 3655884.446907663
20727605.304582305 3655884.294907663
20727605.314582307 3655884.142907663
20727605.324582305 3655883.990907663
20727605.334582306 3655883.838907663
20727605.344582308 3655883.686907663
20727605.354582306 3655883.534907663
20727605.364582308 3655883.382907663
20727605.374582306 3655883.230907663
20727605.384582307 3655883.078907663
20727605.394582305 3655882.926907663
20727605.404582307 3655882.774907663
20727605.414582305 3655882.622907663
20727605.424582306 3655882.470907663
20727605.434582308 3655882.318907663
20727605.444582306 3655882.166907663
20727605.454582307 3655882.014907663
20727605.464582305 3655881.862907663
20727605.474582307 3655881.710907663
20727605.484582305 3655881.558907663
20727605.494582307 3655881.406907663
20727605.504582308 3655881.254907663
20727605.514582306 3655881.102907663
20727605.524582308 3655880.950907663
20727605.534582306 3655880.798907663
20727605.544582307 3655880.646907663
20727605.554582305 3655880.494907663
20727605.564582307 3655880.342907663
20727605.574582305 3655880.190907663
20727605.584582306 3655880.038907663
20727605.594582308 3655879.886907663
20727605.604582306 3655879.734907663
20727605.614582308 3655879.582907663
20727605.624582306 3655879.430907663
20727605.634582307 3655879.278907663
20727605.644582305 3655879.126907663
20727605.654582307 3655878.974907663
20727605.664582305 3655878.822907663
20727605.674582306 3655878.670907663
20727605.684582308 3655878.518907663
20727605.694582306 3655878.366907663
20727605.704582307 3655878.214907663
20727605.714582305 3655878.062907663
20727605.724582307 3655877.910907663
20727605.734582305 3655877.758907663
20727605.744582307 3655877.606907663
20727605.754582308 3655877.454907663
20727605.764582306 3655877.302907663
20727605.774582308 3655877.150907663
20727605.784582306 3655876.998907663
20727605.794582307 3655876.846907663
20727605.804582305 3655876.694907663
20727605.814582307 3655876.542907663
20727605.824582305 3655876.390907663
20727605.834582306 3655876.238907663
20727605.844582308 3655876.086907663
20727605.854582306 3655875.934907663
20727605.864582308 3655875.782907663
20727605.874582306 3655875.630907663
20727605.884582307 3655875.478907663
20727605.894582305 3655875.326907663
20727605.904582307 3655875.174907663
20727605.914582305 3655875.022907663
20727605.924582306 3655874.870907663
20727605.934582308 3655874.718907663
20727605.944582306 3655874.566907663
20727605.954582307 3655874.414907663
20727605.964582305 3655874.262907663
20727605.974582307 3655874.110907663
20727605.984582305 3655873.958907663
20727605.994582307 3655873.806907663
20727606.004582308 3655873.654907663
20727606.014582306 3655873.502907663
20727606.024582308 3655873.350907663
20727606.034582306 3655873.198907663
20727606.044582307 3655873.046907663
20727606.054582305 3655872.894907663
20727606.064582307 3655872.742907663
20727606.074582305 3655872.590907663
20727606.084582306 3655872.438907663
20727606.094582308 3655872.286907663
20727606.104582306 3655872.134907663
20727606.114582308 3655871.982907663
20727606.124582306 3655871.830907663
20727606.134582307 3655871.678907663
20727606.144582305 3655871.526907663
20727606.154582307 3655871.374907663
20727606.164582305 3655871.222907663
20727606.174582306 3655871.070907663
20727606.184582308 3655870.918907663
20727606.194582306 3655870.766907663
20727606.204582307 3655870.614907663
20727606.214582305 3655870.462907663
20727606.224582307 3655870.310907663
20727606.234582305 3655870.158907663
20727606.244582307 3655870.006907663
20727606.254582308 3655869.854907663
20727606.264582306 3655869.702907663
20727606.274582308 3655869.550907663
20727606.284582306 3655869.398907663
20727606.294582307 3655869.246907663
20727606.304582305 3655869.094907663
20727606.314582307 3655868.942907663
20727606.324582305 3655868.790907663
20727606.334582306 3655868.638907663
20727606.344582308 3655868.486907663
20727606.354582306 3655868.334907663
20727606.364582308 3655868.182907663
20727606.374582306 3655868.030907663
20727606.384582307 3655867.878907663
20727606.394582305 3655867.726907663
20727606.404582307 3655867.574907663
20727606.414582305 3655867.422907663
20727606.424582306 3655867.270907663
20727606.434582308 3655867.118907663
20727606.444582306 3655866.966907663
20727606.454582307 3655866.814907663
20727606.464582305 3655866.662907663
20727606.474582307 3655866.510907663
20727606.484582305 3655866.358907663
20727606.494582307 3655866.206907663
20727606.504582308 3655866.054907663
20727606.514582306 3655865.902907663
20727606.524582308 3655865.750907663
20727606.534582306 3655865.598907663
20727606.544582307 3655865.446907663
20727606.554582305 3655865.294907663
20727606.564582307 3655865.142907663
20727606.574582305 3655864.990907663
20727606.584582306 3655864.838907663
20727606.594582308 3655864.686907663
20727606.604582306 3655864.534907663
20727606.614582308 3655864.382907663
20727606.624582306 3655864.230907663
20727606.634582307 3655864.078907663
20727606.644582305 3655863.926907663
20727606.654582307 3655863.774907663
20727606.664582305 3655863.622907663
20727606.674582306 3655863.470907663
20727606.684582308 3655863.318907663
20727606.694582306 3655863.166907663
20727606.704582307 3655863.014907663
20727606.714582305 3655862.862907663
20727606.724582307 3655862.710907663
20727606.734582305 3655862.558907663
20727606.744582307 3655862.406907663
20727606.754582308 3655862.254907663
20727606.764582306 3655862.102907663
20727606.774582308 3655861.950907663
20727606.784582306 3655861.798907663
20727606.794582307 3655861.646907663
20727606.804582305 3655861.494907663
20727606.814582307 3655861.342907663
20727606.824582305 3655861.190907663
20727606.834582306 3655861.038907663
20727606.844582308 3655860.886907663
20727606.854582306 3655860.734907663
20727606.864582308 3655860.582907663
20727606.874582306 3655860.430907663
20727606.884582307 3655860.278907663
20727606.894582305 3655860.126907663
20727606.904582307 3655859.974907663
20727606.914582305 3655859.822907663
20727606.924582306 3655859.670907663
20727606.934582308 3655859.518907663
20727606.944582306 3655859.366907663
20727606.954582307 3655859.214907663
20727606.964582305 3655859.062907663
20727606.974582307 3655858.910907663
20727606.984582305 3655858.758907663
20727606.994582307 3655858.606907663
20727607.004582308 3655858.454907663
20727607.014582306 3655858.302907663
20727607.024582308 3655858.150907663
20727607.034582306 3655857.998907663
20727607.044582307 3655857.846907663
20727607.054582305 3655857.694907663
20727607.064582307 3655857.542907663
20727607.074582305 3655857.390907663
20727607.084582306 3655857.238907663
20727607.094582308 3655857.086907663
20727607.104582306 3655856.934907663
20727607.114582308 3655856.782907663
20727607.124582306 3655856.630907663
20727607.134582307 3655856.478907663
20727607.144582305 3655856.326907663
20727607.154582307 3655856.174907663
20727607.164582305 3655856.022907663
20727607.174582306 3655855.870907663
20727607.184582308 3655855.718907663
20727607.194582306 3655855.566907663
20727607.204582307 3655855.414907663
20727607.214582305 3655855.262907663
20727607.224582307 3655855.110907663
20727607.234582305 3655854.958907663
20727607.244582307 3655854.806907663
20727607.254582308 3655854.654907663
20727607.264582306 3655854.502907663
20727607.274582308 3655854.350907663
20727607.284582306 3655854.198907663
20727607.294582307 3655854.046907663
20727607.304582305 3655853.894907663
20727607.314582307 3655853.742907663
20727607.324582305 3655853.590907663
20727607.334582306 3655853.438907663
20727607.344582308 3655853.286907663
20727607.354582306 3655853.134907663
20727607.364582308 3655852.982907663
20727607.374582306 3655852.830907663
20727607.384582307 3655852.678907663
20727607.394582305 3655852.526907663
20727607.404582307 3655852.374907663
20727607.414582305 3655852.222907663
20727607.424582306 3655852.070907663
20727607.434582308 3655851.918907663
20727607.444582306 3655851.766907663
20727607.454582307 3655851.614907663
20727607.464582305 3655851.462907663
20727607.474582307 3655851.310907663
20727607.484582305 3655851.158907663
20727607.494582307 3655851.006907663
20727607.504582308 3655850.854907663
20727607.514582306 3655850.702907663
20727607.524582308 3655850.550907663
20727607.534582306 3655850.398907663
20727607.544582307 3655850.246907663
20727607.554582305 3655850.094907663
20727607.564582307 3655849.942907663
20727607.574582305 3655849.790907663
20727607.584582306 3655849.638907663
20727607.594582308 3655849.486907663
20727607.604582306 3655849.334907663
20727607.614582308 3655849.182907663
20727607.624582306 3655849.030907663
20727607.634582307 3655848.878907663
20727607.644582305 3655848.726907663
20727607.654582307 3655848.574907663
20727607.664582305 3655848.422907663
20727607.674582306 3655848.270907663
20727607.684582308 3655848.118907663
20727607.694582306 3655847.966907663
20727607.704582307 3655847.814907663
20727607.714582305 3655847.662907663
20727607.724582307 3655847.510907663
20727607.734582305 3655847.358907663
20727607.744582307 3655847.206907663
20727607.754582308 3655847.054907663
20727607.764582306 3655846.902907663
20727607.774582308 3655846.750907663
20727607.784582306 3655846.598907663
20727607.794582307 3655846.446907663
20727607.804582305 3655846.294907663
20727607.814582307 3655846.142907663
20727607.824582305 3655845.990907663
20727607.834582306 3655845.838907663
20727607.844582308 3655845.686907663
20727607.854582306 3655845.534907663
20727607.864582308 3655845.382907663
20727607.874582306 3655845.230907663
20727607.884582307 3655845.078907663
20727607.894582305 3655844.926907663
20727607.904582307 3655844.774907663
20727607.914582305 3655844.622907663
20727607.924582306 3655844.470907663
20727607.934582308 3655844.318907663
20727607.944582306 3655844.166907663
20727607.954582307 3655844.014907663
20727607.964582305 3655843.862907663
20727607.974582307 3655843.710907663
20727607.984582305 3655843.558907663
20727607.994582307 3655843.406907663
20727608.004582308 3655843.254907663
20727608.014582306 3655843.102907663
20727608.024582308 3655842.950907663
20727608.034582306 3655842.798907663
20727608.044582307 3655842.646907663
20727608.054582305 3655842.494907663
20727608.064582307 3655842.342907663
20727608.074582305 3655842.190907663
20727608.084582306 3655842.038907663
20727608.094582308 3655841.886907663
20727608.104582306 3655841.734907663
20727608.114582308 3655841.582907663
20727608.124582306 3655841.430907663
20727608.134582307 3655841.278907663
20727608.144582305 3655841.126907663
20727608.154582307 3655840.974907663
20727608.164582305 3655840.822907663
20727608.174582306 3655840.670907663
20727608.184582308 3655840.518907663
20727608.194582306 3655840.366907663
20727608.204582307 3655840.214907663
20727608.214582305 3655840.062907663
20727608.224582307 3655839.910907663
20727608.234582305 3655839.758907663
20727608.244582307 3655839.606907663
20727608.254582308 3655839.454907663
20727608.264582306 3655839.302907663
20727608.274582308 3655839.150907663
20727608.284582306 3655838.998907663
20727608.294582307 3655838.846907663
20727608.304582305 3655838.694907663
20727608.314582307 3655838.542907663
20727608.324582305 3655838.390907663
20727608.334582306 3655838.238907663
20727608.344582308 3655838.086907663
20727608.354582306 3655837.934907663
20727608.364582308 3655837.782907663
20727608.374582306 3655837.630907663
20727608.384582307 3655837.478907663
20727608.394582305 3655837.326907663
20727608.404582307 3655837.174907663
20727608.414582305 3655837.022907663
20727608.424582306 3655836.870907663
20727608.434582308 3655836.718907663
20727608.444582306 3655836.566907663
20727608.454582307 3655836.414907663
20727608.464582305 3655836.262907663
20727608.474582307 3655836.110907663
20727608.484582305 3655835.958907663
20727608.494582307 3655835.806907663
20727608.504582308 3655835.654907663
20727608.514582306 3655835.502907663
20727608.524582308 3655835.350907663
20727608.534582306 3655835.198907663
20727608.544582307 3655835.046907663
20727608.554582305 3655834.894907663
20727608.564582307 3655834.742907663
20727608.574582305 3655834.590907663
20727608.584582306 3655834.438907663
